"tipo_reg"	"cod_uf"	"num_seq"	"num_dv"	"cod_domc"	"num_uc"	"num_ext_renda"	"fator_expansao1"	"fator_expansao2"	"num_quadro"	"cod_item"	"cod_obtencao"	"val_despesa"	"mes"	"qtd_meses"	"fator_anual"	"num_deflator"	"val_despesa_corrigido"	"valor_anual_expandido2"	"cod_imput"	"renda_bruta_monetaria"	"renda_bruta_nao_monetaria"	"renda_total"
"1"	10	53	1	8	1	1	1	790.70992149	979.69168189	10	9001	11	300	4	12	1	1.04	312	3667965.66	0	4355.6	330.33	4685.93
"2"	10	53	1	8	10	1	1	790.70992149	979.69168189	10	9001	11	800	6	12	1	1.02	816	9593140.95	0	1635.11	820.21	2455.32
"3"	10	53	1	8	4	1	1	790.70992149	979.69168189	10	9001	11	500	5	12	1	1.03	515	6054494.59	0	3926.94	27.81	3954.75
"4"	10	53	1	8	8	1	1	790.70992149	979.69168189	10	9001	11	1500	6	12	1	1.02	1530	17987139.28	0	3769.05	1516.1	5285.15
"5"	10	53	2	6	11	1	1	4304.06036872	5332.74216876	10	9001	11	200	7	12	1	1.02	204	13054552.83	0	394.6	1699.44	2094.04
"6"	10	53	2	6	8	1	1	4304.06036872	5332.74216876	10	9001	11	600	6	12	1	1.02	612	39163658.49	0	1209.67	223.2	1432.87
"7"	10	53	4	2	10	1	1	1030.08969936	1276.28385915	10	9001	11	250	9	12	1	1.02	255	3905428.61	0	1177.53	413.33	1590.86
"8"	10	53	4	2	13	1	1	1030.08969936	1276.28385915	10	9001	11	300	10	12	1	1.02	306	4686514.33	0	1510	0	1510
"9"	10	53	4	2	2	1	1	1030.08969936	1276.28385915	10	9001	11	300	7	12	1	1.02	306	4686514.33	0	170.13	288.2	458.33
"10"	10	53	4	2	5	1	1	1030.08969936	1276.28385915	10	9001	11	250	8	12	1	1.02	255	3905428.61	0	356.8	247.12	603.92
"11"	10	53	4	2	7	1	1	1030.08969936	1276.28385915	10	9001	11	200	9	12	1	1.02	204	3124342.89	0	416	204	620
"12"	10	53	4	2	9	1	1	1030.08969936	1276.28385915	10	9001	11	400	9	12	1	1.02	408	6248685.77	0	2496.27	400.19	2896.46
"13"	10	53	5	0	13	1	1	947.38889615	1173.81734545	10	9001	11	800	1	12	1	1	800	11268646.52	0	6910	1171.9	8081.9
"14"	10	53	5	0	4	1	1	947.38889615	1173.81734545	10	9001	11	999999.99	11	12	1	1.01	816	11494019.45	1	4390	1076.27	5466.27
"15"	10	53	6	9	11	1	1	974.80523604	1207.78626303	10	9001	11	700	4	12	1	0.99	693	10043950.56	0	5050	660.92	5710.92
"16"	10	53	6	9	12	1	1	974.80523604	1207.78626303	10	9001	11	1000	4	12	1	0.99	990	14348500.8	0	3779	920.33	4699.33
"17"	10	53	6	9	13	1	1	974.80523604	1207.78626303	10	9001	11	1000	4	12	1	0.99	990	14348500.8	0	5976.48	990	6966.48
"18"	10	53	6	9	7	1	1	974.80523604	1207.78626303	10	9001	11	600	3	12	1	1	600	8696061.09	0	2550	629.25	3179.25
"19"	10	53	7	7	2	1	2	708.30786026	877.59531031	10	9001	11	800	4	12	1	1.04	832	8761911.58	0	1801	783.32	2584.32
"20"	10	53	7	7	3	1	2	708.30786026	877.59531031	10	9001	11	1200	5	12	1	1.03	1236	13016493.64	0	18531.83	1236	19767.83
"21"	10	53	7	7	6	1	2	708.30786026	877.59531031	10	9001	11	1300	5	12	1	1.03	1339	14101201.45	0	16671.08	739.54	17410.62
"22"	10	53	8	5	12	1	2	806.17718447	998.85566158	10	9001	11	1500	10	12	1	1.02	1530	18338989.95	0	3523.67	1530	5053.67
"23"	10	53	8	5	13	1	2	806.17718447	998.85566158	10	9001	11	1000	10	12	1	1.02	1020	12225993.3	0	11294.07	1052.59	12346.65
"24"	10	53	8	5	2	1	2	806.17718447	998.85566158	10	9001	11	1300	7	12	1	1.02	1326	15893791.29	0	2379.2	1285.2	3664.4
"25"	10	53	8	5	3	1	2	806.17718447	998.85566158	10	9001	11	2500	8	12	1	1.02	2550	30564983.24	0	7887.54	2550	10437.54
"26"	10	53	8	5	8	1	2	806.17718447	998.85566158	10	9001	11	1000	9	12	1	1.02	1020	12225993.3	0	4278.75	886.88	5165.63
"27"	10	53	8	5	9	1	2	806.17718447	998.85566158	10	9001	11	1000	10	12	1	1.02	1020	12225993.3	0	8865.56	3.32	8868.88
"28"	10	53	9	3	11	1	2	1096.01433692	1357.96465926	10	9001	11	900	1	12	1	1	900	14666018.32	0	10798.1	883.84	11681.94
"29"	10	53	9	3	3	1	2	1096.01433692	1357.96465926	10	9001	11	999999.99	4	12	1	0.99	693	11292834.11	1	11100	634.21	11734.21
"30"	10	53	9	3	9	1	2	1096.01433692	1357.96465926	10	9001	11	200	12	12	1	1	200	3259115.18	0	7143.4	2.6	7146
"31"	10	53	10	7	5	1	2	2697.14328269	3341.76765348	10	9001	11	1000	12	12	1	1	1000	40101211.84	0	1932.79	960.06	2892.85
"32"	10	53	10	7	7	1	2	2697.14328269	3341.76765348	10	9001	11	1300	4	12	1	0.99	1287	51610259.64	0	4390.83	1191	5581.83
"33"	10	53	10	7	9	1	2	2697.14328269	3341.76765348	10	9001	11	800	12	12	1	1	800	32080969.47	0	5673.78	955.89	6629.66
"34"	10	53	11	5	10	1	2	789.76507937	978.52102	10	9001	11	999999.99	2	12	1	1	204	2395419.46	1	465	251.25	716.25
"35"	10	53	11	5	11	1	2	789.76507937	978.52102	10	9001	11	1000	3	12	1	1	1000	11742252.24	0	4072.94	1000	5072.94
"36"	10	53	11	5	12	1	2	789.76507937	978.52102	10	9001	11	2000	2	12	1	1	2000	23484504.48	0	14550	1670	16220
"37"	10	53	11	5	14	1	2	789.76507937	978.52102	10	9001	11	999999.99	3	12	1	1	816	9581677.83	1	4000	549.76	4549.76
"38"	10	53	11	5	16	1	2	789.76507937	978.52102	10	9001	11	999999.99	3	12	1	1	408	4790838.91	1	2760.26	408	3168.26
"39"	10	53	11	5	3	1	2	789.76507937	978.52102	10	9001	11	2000	1	12	1	1	2000	23484504.48	0	11357	1931.33	13288.33
"40"	10	53	11	5	6	1	2	789.76507937	978.52102	10	9001	11	250	2	12	1	1	250	2935563.06	0	5494.12	250	5744.12
"41"	10	53	12	3	11	1	2	547.72313297	678.63040891	10	9001	11	1400	3	12	1	1	1400	11400990.87	0	1369.95	1380.13	2750.07
"42"	10	53	12	3	13	1	2	547.72313297	678.63040891	10	9001	11	1200	3	12	1	1	1200	9772277.89	0	7138.8	1094.27	8233.07
"43"	10	53	12	3	14	1	2	547.72313297	678.63040891	10	9001	11	500	3	12	1	1	500	4071782.45	0	2948.58	400.13	3348.71
"44"	10	53	12	3	15	1	2	547.72313297	678.63040891	10	9001	11	1000	3	12	1	1	1000	8143564.91	0	2101.18	939.34	3040.52
"45"	10	53	12	3	16	1	2	547.72313297	678.63040891	10	9001	11	2000	3	12	1	1	2000	16287129.81	0	9910.73	1895.49	11806.22
"46"	10	53	12	3	17	1	2	547.72313297	678.63040891	10	9001	11	3000	4	12	1	0.99	2970	24186387.77	0	7866.27	2145.12	10011.38
"47"	10	53	12	3	18	1	2	547.72313297	678.63040891	10	9001	11	800	4	12	1	0.99	792	6449703.41	0	7929.68	290.78	8220.46
"48"	10	53	12	3	2	1	2	547.72313297	678.63040891	10	9001	11	2000	1	12	1	1	2000	16287129.81	0	1724.03	1861.28	3585.31
"49"	10	53	12	3	20	1	2	547.72313297	678.63040891	10	9001	11	900	4	12	1	0.99	891	7255916.33	0	1200.53	1465.11	2665.64
"50"	10	53	12	3	4	1	2	547.72313297	678.63040891	10	9001	11	1500	1	12	1	1	1500	12215347.36	0	1955.75	1395.08	3350.83
"51"	10	53	12	3	5	1	2	547.72313297	678.63040891	10	9001	11	450	2	12	1	1	450	3664604.21	0	1630.9	450	2080.9
"52"	10	53	13	1	1	1	3	597.61338879	740.44456769	10	9001	11	800	4	12	1	1.04	832	7392598.56	0	1623.4	832	2455.4
"53"	10	53	13	1	2	1	3	597.61338879	740.44456769	10	9001	11	650	4	12	1	1.04	676	6006486.33	0	5458.25	653.81	6112.06
"54"	10	53	13	1	5	1	3	597.61338879	740.44456769	10	9001	11	1500	5	12	1	1.03	1545	13727842.28	0	23101.05	1547.34	24648.39
"55"	10	53	13	1	6	1	3	597.61338879	740.44456769	10	9001	11	550	5	12	1	1.03	566.5	5033542.17	0	2852.9	566.5	3419.4
"56"	10	53	13	1	8	1	3	597.61338879	740.44456769	10	9001	11	450	6	12	1	1.02	459	4078368.68	0	1503.48	435.47	1938.94
"57"	10	53	14	0	1	1	3	745	923.05696839	10	9001	11	700	5	12	1	1.03	721	7986288.89	0	20432.47	681.52	21113.99
"58"	10	53	14	0	10	1	3	745	923.05696839	10	9001	11	1200	6	12	1	1.02	1224	13557860.75	0	18624.41	244.34	18868.75
"59"	10	53	14	0	4	1	3	745	923.05696839	10	9001	11	1600	5	12	1	1.03	1648	18254374.61	0	3461.08	1588.69	5049.77
"60"	10	53	14	0	8	1	3	745	923.05696839	10	9001	11	1100	5	12	1	1.03	1133	12549882.54	0	1075.78	1172.05	2247.83
"61"	10	53	15	8	1	1	3	453.29347319	561.63181095	10	9001	11	500	5	12	1	1.03	515	3470884.59	0	1658.82	371.9	2030.71
"62"	10	53	15	8	10	1	3	453.29347319	561.63181095	10	9001	11	400	6	12	1	1.02	408	2749749.35	0	764.78	586.33	1351.11
"63"	10	53	15	8	13	1	3	453.29347319	561.63181095	10	9001	11	600	6	12	1	1.02	612	4124624.02	0	8800.45	560.5	9360.95
"64"	10	53	15	8	2	1	3	453.29347319	561.63181095	10	9001	11	600	5	12	1	1.03	618	4165061.51	0	5883.78	561.47	6445.24
"65"	10	53	15	8	3	1	3	453.29347319	561.63181095	10	9001	11	400	5	12	1	1.03	412	2776707.67	0	6092.27	400.41	6492.68
"66"	10	53	15	8	4	1	3	453.29347319	561.63181095	10	9001	11	999999.99	5	12	1	1.03	408	2749749.35	1	11013.07	431.2	11444.27
"67"	10	53	15	8	5	1	3	453.29347319	561.63181095	10	9001	11	700	5	12	1	1.03	721	4859238.43	0	1268.24	587.88	1856.12
"68"	10	53	15	8	6	1	3	453.29347319	561.63181095	10	9001	11	250	6	12	1	1.02	255	1718593.34	0	1965.05	219.99	2185.04
"69"	10	53	15	8	7	1	3	453.29347319	561.63181095	10	9001	11	450	6	12	1	1.02	459	3093468.01	0	2058.15	445.61	2503.76
"70"	10	53	16	6	1	1	3	1044.89207584	1294.62404271	10	9001	11	800	4	12	1	1.04	832	12925526.44	0	3832.5	829.34	4661.84
"71"	10	53	16	6	10	1	3	1044.89207584	1294.62404271	10	9001	11	600	5	12	1	1.03	618	9600931.9	0	22906.81	664.28	23571.1
"72"	10	53	16	6	11	1	3	1044.89207584	1294.62404271	10	9001	11	700	5	12	1	1.03	721	11201087.22	0	24535.79	763.08	25298.87
"73"	10	53	16	6	12	1	3	1044.89207584	1294.62404271	10	9001	11	1200	5	12	1	1.03	1236	19201863.8	0	5461.32	994.63	6455.95
"74"	10	53	16	6	13	1	3	1044.89207584	1294.62404271	10	9001	11	600	6	12	1	1.02	612	9507718.97	0	1219.7	561.38	1781.08
"75"	10	53	16	6	15	1	3	1044.89207584	1294.62404271	10	9001	11	800	6	12	1	1.02	816	12676958.63	0	6808	569.91	7377.91
"76"	10	53	16	6	16	1	3	1044.89207584	1294.62404271	10	9001	11	450	6	12	1	1.02	459	7130789.23	0	1912.19	1704.13	3616.32
"77"	10	53	16	6	2	1	3	1044.89207584	1294.62404271	10	9001	11	600	4	12	1	1.04	624	9694144.83	0	9300	238.8	9538.8
"78"	10	53	16	6	23	1	3	1044.89207584	1294.62404271	10	9001	11	550	6	12	1	1.02	561	8715409.06	0	1736.81	591.38	2328.19
"79"	10	53	16	6	24	1	3	1044.89207584	1294.62404271	10	9001	11	800	7	12	1	1.02	816	12676958.63	0	4755	743.9	5498.9
"80"	10	53	16	6	27	1	3	1044.89207584	1294.62404271	10	9001	11	999999.99	7	12	1	1.02	255	3961549.57	1	1260	639.73	1899.73
"81"	10	53	16	6	7	1	3	1044.89207584	1294.62404271	10	9001	11	999999.99	5	12	1	1.03	693	10766093.54	1	13716	717.2	14433.2
"82"	10	53	16	6	8	1	3	1044.89207584	1294.62404271	10	9001	11	800	5	12	1	1.03	824	12801242.53	0	8886.5	534.39	9420.89
"83"	10	53	17	4	1	1	3	714.62123536	885.41759874	10	9001	11	500	5	12	1	1.03	515	5471880.76	0	364	507.1	871.1
"84"	10	53	17	4	12	1	3	714.62123536	885.41759874	10	9001	11	250	7	12	1	1.02	255	2709377.85	0	1331.5	262.37	1593.87
"85"	10	53	17	4	13	1	3	714.62123536	885.41759874	10	9001	11	300	7	12	1	1.02	306	3251253.42	0	386.94	552.12	939.06
"86"	10	53	17	4	2	1	3	714.62123536	885.41759874	10	9001	11	400	5	12	1	1.03	412	4377504.61	0	2331.25	98.87	2430.12
"87"	10	53	17	4	7	1	3	714.62123536	885.41759874	10	9001	11	600	6	12	1	1.02	612	6502506.85	0	5020.26	597.98	5618.24
"88"	10	53	17	4	8	1	3	714.62123536	885.41759874	10	9001	11	400	6	12	1	1.02	408	4335004.56	0	9019.86	393.58	9413.44
"89"	10	53	18	2	1	1	3	591.89733152	733.36235763	10	9001	11	350	4	12	1	1.04	364	3203326.78	0	1742	364	2106
"90"	10	53	18	2	2	1	3	591.89733152	733.36235763	10	9001	11	400	4	12	1	1.04	416	3660944.89	0	6815.57	299.4	7114.97
"91"	10	53	18	2	4	1	3	591.89733152	733.36235763	10	9001	11	500	5	12	1	1.03	515	4532179.37	0	742.6	498.65	1241.25
"92"	10	53	18	2	6	1	3	591.89733152	733.36235763	10	9001	11	400	5	12	1	1.03	412	3625743.5	0	5909.44	35.75	5945.18
"93"	10	53	18	2	9	1	3	591.89733152	733.36235763	10	9001	11	300	6	12	1	1.02	306	2692906.58	0	3060	309.5	3369.5
"94"	10	53	19	0	1	1	3	575.3030303	712.80197457	10	9001	11	550	7	12	1	1.02	561	4798582.89	0	3532.4	538.71	4071.11
"95"	10	53	19	0	13	1	3	575.3030303	712.80197457	10	9001	11	600	10	12	1	1.02	612	5234817.7	0	450.97	595.95	1046.92
"96"	10	53	19	0	2	1	3	575.3030303	712.80197457	10	9001	11	250	7	12	1	1.02	255	2181174.04	0	934.21	265.17	1199.38
"97"	10	53	19	0	3	1	3	575.3030303	712.80197457	10	9001	11	300	7	12	1	1.02	306	2617408.85	0	1759.81	460.39	2220.2
"98"	10	53	19	0	5	1	3	575.3030303	712.80197457	10	9001	11	400	8	12	1	1.02	408	3489878.47	0	816.43	410.95	1227.37
"99"	10	53	19	0	6	1	3	575.3030303	712.80197457	10	9001	11	800	8	12	1	1.02	816	6979756.93	0	10628.85	678.04	11306.89
"100"	10	53	19	0	8	1	3	575.3030303	712.80197457	10	9001	11	200	9	12	1	1.02	204	1744939.23	0	415	190.38	605.38
"101"	10	53	20	4	1	1	3	433.06486034	536.56850618	10	9001	11	700	7	12	1	1.02	714	4597318.96	0	1311	697.52	2008.52
"102"	10	53	20	4	12	1	3	433.06486034	536.56850618	10	9001	11	350	9	12	1	1.02	357	2298659.48	0	2226	325.61	2551.61
"103"	10	53	20	4	13	1	3	433.06486034	536.56850618	10	9001	11	400	10	12	1	1.02	408	2627039.41	0	3181.94	391.01	3572.94
"104"	10	53	20	4	14	1	3	433.06486034	536.56850618	10	9001	11	350	10	12	1	1.02	357	2298659.48	0	1040	339.15	1379.15
"105"	10	53	20	4	16	1	3	433.06486034	536.56850618	10	9001	11	350	10	12	1	1.02	357	2298659.48	0	2333.16	393.74	2726.9
"106"	10	53	20	4	3	1	3	433.06486034	536.56850618	10	9001	11	800	7	12	1	1.02	816	5254078.81	0	3096.5	893.2	3989.7
"107"	10	53	20	4	4	1	3	433.06486034	536.56850618	10	9001	11	500	7	12	1	1.02	510	3283799.26	0	3317.8	510	3827.8
"108"	10	53	20	4	5	1	3	433.06486034	536.56850618	10	9001	11	600	8	12	1	1.02	612	3940559.11	0	7289.94	180	7469.94
"109"	10	53	20	4	6	1	3	433.06486034	536.56850618	10	9001	11	999999.99	8	12	1	1.02	816	5254078.81	1	2847.35	785.96	3633.31
"110"	10	53	21	2	10	1	3	609.22459893	754.83088773	10	9001	11	500	9	12	1	1.02	510	4619565.03	0	412	510	922
"111"	10	53	21	2	2	1	3	609.22459893	754.83088773	10	9001	11	400	7	12	1	1.02	408	3695652.03	0	36.31	408	444.31
"112"	10	53	21	2	3	1	3	609.22459893	754.83088773	10	9001	11	700	7	12	1	1.02	714	6467391.05	0	553.33	502.73	1056.07
"113"	10	53	21	2	4	1	3	609.22459893	754.83088773	10	9001	11	600	8	12	1	1.02	612	5543478.04	0	864.83	606.18	1471.01
"114"	10	53	21	2	5	1	3	609.22459893	754.83088773	10	9001	11	350	8	12	1	1.02	357	3233695.52	0	6184.32	357	6541.32
"115"	10	53	21	2	6	1	3	609.22459893	754.83088773	10	9001	11	500	8	12	1	1.02	510	4619565.03	0	2619.81	444.41	3064.22
"116"	10	53	22	0	11	1	3	1101.51778656	1364.78344791	10	9001	11	500	10	12	1	1.02	510	8352474.7	0	1722.48	1108.93	2831.41
"117"	10	53	22	0	2	1	3	1101.51778656	1364.78344791	10	9001	11	400	8	12	1	1.02	408	6681979.76	0	3327.75	364.84	3692.59
"118"	10	53	22	0	8	1	3	1101.51778656	1364.78344791	10	9001	11	500	8	7	1	1.02	510	4872276.91	0	1854.68	881.27	2735.95
"119"	10	53	23	9	1	1	3	1215.29644269	1505.75550347	10	9001	11	350	8	12	1	1.02	357	6450656.58	0	902.63	346.4	1249.03
"120"	10	53	23	9	2	1	3	1215.29644269	1505.75550347	10	9001	11	200	8	12	1	1.02	204	3686089.47	0	900	212.84	1112.84
"121"	10	53	23	9	4	1	3	1215.29644269	1505.75550347	10	9001	11	350	8	12	1	1.02	357	6450656.58	0	936.43	248.82	1185.25
"122"	10	53	23	9	6	1	3	1215.29644269	1505.75550347	10	9001	11	250	9	12	1	1.02	255	4607611.84	0	876.32	255	1131.32
"123"	10	53	23	9	8	1	3	1215.29644269	1505.75550347	10	9001	11	350	9	12	1	1.02	357	6450656.58	0	1273.44	357.39	1630.83
"124"	10	53	23	9	9	1	3	1215.29644269	1505.75550347	10	9001	11	500	9	12	1	1.02	510	9215223.68	0	5916.59	501.42	6418
"125"	10	53	24	7	10	1	3	906.18465909	1122.76518688	10	9001	11	600	10	12	1	1.02	612	8245587.53	0	2625	607.04	3232.04
"126"	10	53	24	7	11	1	3	906.18465909	1122.76518688	10	9001	11	250	10	12	1	1.02	255	3435661.47	0	1047.38	238.68	1286.06
"127"	10	53	24	7	2	1	3	906.18465909	1122.76518688	10	9001	11	999999.99	7	12	1	1.02	255	3435661.47	1	276.67	446.54	723.2
"128"	10	53	24	7	6	1	3	906.18465909	1122.76518688	10	9001	11	400	8	12	1	1.02	408	5497058.35	0	4908	427.05	5335.05
"129"	10	53	24	7	8	1	3	906.18465909	1122.76518688	10	9001	11	500	9	12	1	1.02	510	6871322.94	0	4959.34	560.58	5519.91
"130"	10	53	24	7	9	1	3	906.18465909	1122.76518688	10	9001	11	400	9	12	1	1.02	408	5497058.35	0	629.17	0	629.17
"131"	10	53	25	5	10	1	3	1346.01033058	1667.71035593	10	9001	11	300	1	12	1	1	300	6003757.28	0	3640	314.37	3954.37
"132"	10	53	25	5	2	1	3	1346.01033058	1667.71035593	10	9001	11	999999.99	11	12	1	1.01	1200	24015029.13	1	300	823.22	1123.22
"133"	10	53	25	5	3	1	3	1346.01033058	1667.71035593	10	9001	11	680	11	12	1	1.01	686.8	13744601.67	0	1272	658.48	1930.48
"134"	10	53	25	5	6	1	3	1346.01033058	1667.71035593	10	9001	11	500	12	12	1	1	500	10006262.14	0	1141	459.88	1600.88
"135"	10	53	26	3	11	1	3	710.43814433	880.2347379	10	9001	11	700	12	12	1	1	700	7393971.8	0	3020.74	189.02	3209.76
"136"	10	53	26	3	2	1	3	710.43814433	880.2347379	10	9001	11	500	11	12	1	1.01	505	5334222.51	0	5118.02	475.53	5593.54
"137"	10	53	26	3	3	1	3	710.43814433	880.2347379	10	9001	11	1000	11	12	1	1.01	1010	10668445.02	0	5293.83	1087.63	6381.46
"138"	10	53	26	3	5	1	3	710.43814433	880.2347379	10	9001	11	400	11	12	1	1.01	404	4267378.01	0	1760.9	338.77	2099.67
"139"	10	53	26	3	7	1	3	710.43814433	880.2347379	10	9001	11	700	11	12	1	1.01	707	7467911.52	0	525	709.58	1234.58
"140"	10	53	27	1	1	1	3	1457.22688752	1805.50796383	10	9001	11	300	3	12	1	1	300	6499828.67	0	897.28	347.25	1244.53
"141"	10	53	27	1	2	1	3	1457.22688752	1805.50796383	10	9001	11	500	3	12	1	1	500	10833047.78	0	2357.78	550.75	2908.53
"142"	10	53	27	1	7	1	3	1457.22688752	1805.50796383	10	9001	11	200	12	12	1	1	200	4333219.11	0	525.2	242.98	768.18
"143"	10	53	27	1	9	1	3	1457.22688752	1805.50796383	10	9001	11	450	12	12	1	1	450	9749743	0	1943.33	432.86	2376.19
"144"	10	53	28	0	1	1	3	869.61583044	1077.45631155	10	9001	11	500	11	12	1	1.01	505	6529385.25	0	1272	552.63	1824.63
"145"	10	53	28	0	2	1	3	869.61583044	1077.45631155	10	9001	11	400	11	12	1	1.01	404	5223508.2	0	3402.05	34.37	3436.43
"146"	10	53	28	0	4	1	3	869.61583044	1077.45631155	10	9001	11	500	11	12	1	1.01	505	6529385.25	0	2769.96	550.28	3320.24
"147"	10	53	28	0	5	1	3	869.61583044	1077.45631155	10	9001	11	300	11	12	1	1.01	303	3917631.15	0	2533.33	382.22	2915.55
"148"	10	53	28	0	8	1	3	869.61583044	1077.45631155	10	9001	11	250	12	12	1	1	250	3232368.93	0	3197.31	250	3447.31
"149"	10	53	29	8	2	1	3	1019.45454545	1263.10687536	10	9001	11	500	11	12	1	1.01	505	7654427.66	0	1634.18	557.12	2191.29
"150"	10	53	30	1	12	1	3	569.90424242	706.11286213	10	9001	11	800	4	12	1	0.99	792	6710896.64	0	635.24	790.29	1425.53
"151"	10	53	30	1	13	1	3	569.90424242	706.11286213	10	9001	11	200	4	12	1	0.99	198	1677724.16	0	500	223.67	723.67
"152"	10	53	30	1	3	1	3	569.90424242	706.11286213	10	9001	11	250	2	12	1	1	250	2118338.59	0	452.12	250	702.12
"153"	10	53	30	1	4	1	3	569.90424242	706.11286213	10	9001	11	600	2	12	1	1	600	5084012.61	0	492	594.97	1086.97
"154"	10	53	30	1	7	1	3	569.90424242	706.11286213	10	9001	11	1000	2	12	1	1	1000	8473354.35	0	1243	1126.12	2369.12
"155"	10	53	31	0	1	1	3	592.61492979	734.25146377	10	9001	11	180	1	12	1	1	180	1585983.16	0	425.38	180	605.38
"156"	10	53	31	0	10	1	3	592.61492979	734.25146377	10	9001	11	250	3	12	1	1	250	2202754.39	0	1387.92	250	1637.92
"157"	10	53	31	0	2	1	3	592.61492979	734.25146377	10	9001	11	150	1	12	1	1	150	1321652.63	0	2206.61	153.99	2360.6
"158"	10	53	31	0	3	1	3	592.61492979	734.25146377	10	9001	11	600	2	12	1	1	600	5286610.54	0	2449.32	20	2469.32
"159"	10	53	31	0	4	1	3	592.61492979	734.25146377	10	9001	11	800	2	12	1	1	800	7048814.05	0	3161.5	815.5	3977
"160"	10	53	31	0	5	1	3	592.61492979	734.25146377	10	9001	11	500	2	12	1	1	500	4405508.78	0	4500.05	271.33	4771.38
"161"	10	53	31	0	7	1	3	592.61492979	734.25146377	10	9001	11	200	3	12	1	1	200	1762203.51	0	274.07	321.83	595.9
"162"	10	53	32	8	12	1	3	1598.16363636	1980.12896802	10	9001	11	999999.99	3	12	1	1	500	11880773.81	1	282	761.75	1043.75
"163"	10	53	32	8	20	1	3	1598.16363636	1980.12896802	10	9001	11	350	4	12	1	0.99	346.5	8233376.25	0	2516.72	414.23	2930.95
"164"	10	53	32	8	6	1	3	1598.16363636	1980.12896802	10	9001	11	600	2	12	1	1	600	14256928.57	0	7371.4	663.72	8035.12
"165"	10	53	32	8	9	1	3	1598.16363636	1980.12896802	10	9001	11	300	2	12	1	1	300	7128464.28	0	1765.75	293.32	2059.06
"166"	10	53	33	6	11	1	3	416.7539865	516.35929039	10	9001	11	400	3	12	1	1	400	2478524.59	0	133.33	383.33	516.67
"167"	10	53	33	6	13	1	3	416.7539865	516.35929039	10	9001	11	300	3	12	1	1	300	1858893.45	0	1301.32	284.16	1585.48
"168"	10	53	33	6	2	1	3	416.7539865	516.35929039	10	9001	11	450	1	12	1	1	450	2788340.17	0	6527.17	467.45	6994.62
"169"	10	53	33	6	3	1	3	416.7539865	516.35929039	10	9001	11	400	1	12	1	1	400	2478524.59	0	6183.65	388.73	6572.38
"170"	10	53	33	6	6	1	3	416.7539865	516.35929039	10	9001	11	200	2	12	1	1	200	1239262.3	0	1357.78	200	1557.78
"171"	10	53	33	6	7	1	3	416.7539865	516.35929039	10	9001	11	300	2	12	1	1	300	1858893.45	0	1702.31	248	1950.31
"172"	10	53	33	6	8	1	3	416.7539865	516.35929039	10	9001	11	350	2	12	1	1	350	2168709.02	0	588	495.98	1083.98
"173"	10	53	33	6	9	1	3	416.7539865	516.35929039	10	9001	11	999999.99	3	12	1	1	816	5056190.17	1	401.1	804.12	1205.22
"174"	10	53	34	4	1	1	3	548.30816072	679.35525984	10	9001	11	600	2	12	1	1	600	4891357.87	0	6857.5	582.83	7440.33
"175"	10	53	34	4	10	1	3	548.30816072	679.35525984	10	9001	11	400	3	12	1	1	400	3260905.25	0	3975.06	387.92	4362.97
"176"	10	53	34	4	11	1	3	548.30816072	679.35525984	10	9001	11	450	3	12	1	1	450	3668518.4	0	3329.87	174.12	3503.99
"177"	10	53	34	4	14	1	3	548.30816072	679.35525984	10	9001	11	500	4	12	1	0.99	495	4035370.24	0	6060	458.23	6518.23
"178"	10	53	34	4	2	1	3	548.30816072	679.35525984	10	9001	11	500	2	12	1	1	500	4076131.56	0	2020.71	489.6	2510.31
"179"	10	53	34	4	3	1	3	548.30816072	679.35525984	10	9001	11	600	2	12	1	1	600	4891357.87	0	4069.22	590.83	4660.05
"180"	10	53	34	4	6	1	3	548.30816072	679.35525984	10	9001	11	380	2	12	1	1	380	3097859.98	0	636	112.3	748.3
"181"	10	53	34	4	7	1	3	548.30816072	679.35525984	10	9001	11	350	2	12	1	1	350	2853292.09	0	1125.5	341.08	1466.58
"182"	10	53	34	4	8	1	3	548.30816072	679.35525984	10	9001	11	500	2	12	1	1	500	4076131.56	0	2246.38	505.33	2751.71
"183"	10	53	35	2	10	1	4	466.92957549	578.52697773	10	9001	11	600	6	12	1	1.02	612	4248702.12	0	4290.82	597.58	4888.4
"184"	10	53	35	2	4	1	4	466.92957549	578.52697773	10	9001	11	650	5	7	1	1.03	669.5	2711266.68	0	12731.17	420.54	13151.71
"185"	10	53	35	2	7	1	4	466.92957549	578.52697773	10	9001	11	600	6	12	1	1.02	612	4248702.12	0	8988.43	571.47	9559.9
"186"	10	53	35	2	9	1	4	466.92957549	578.52697773	10	9001	11	600	6	12	1	1.02	612	4248702.12	0	3905.48	589.92	4495.4
"187"	10	53	36	0	13	1	4	1550.25	1920.76384597	10	9001	11	350	7	12	1	1.02	357	8228552.32	0	9276.97	320.95	9597.92
"188"	10	53	36	0	4	1	4	1550.25	1920.76384597	10	9001	11	500	5	12	1	1.03	515	11870320.57	0	6262.81	468.65	6731.46
"189"	10	53	36	0	7	1	4	1550.25	1920.76384597	10	9001	11	550	6	12	1	1.02	561	12930582.21	0	3614.87	524.36	4139.22
"190"	10	53	36	0	8	1	4	1550.25	1920.76384597	10	9001	11	450	6	12	1	1.02	459	10579567.26	0	6665.83	459	7124.83
"191"	10	53	37	9	1	1	4	1548.7899061	1918.95478578	10	9001	11	700	4	12	1	0.99	693	15958028	0	7250.1	667.4	7917.5
"192"	10	53	37	9	2	1	4	1548.7899061	1918.95478578	10	9001	11	400	7	12	1	1.02	408	9395202.63	0	12183.33	408	12591.33
"193"	10	53	37	9	4	1	4	1548.7899061	1918.95478578	10	9001	11	400	8	12	1	1.02	408	9395202.63	0	6626.97	380.19	7007.16
"194"	10	53	37	9	5	1	4	1548.7899061	1918.95478578	10	9001	11	500	8	12	1	1.02	510	11744003.29	0	1228.61	510	1738.61
"195"	10	53	37	9	7	1	4	1548.7899061	1918.95478578	10	9001	11	600	9	12	1	1.02	612	14092803.95	0	6112.67	594.67	6707.33
"196"	10	53	38	7	1	1	4	539.74789135	668.74906347	10	9001	11	560	7	12	1	1.02	571.2	4583873.58	0	5032.57	532.68	5565.25
"197"	10	53	38	7	11	1	4	539.74789135	668.74906347	10	9001	11	400	10	12	1	1.02	408	3274195.41	0	7035.54	329.03	7364.57
"198"	10	53	38	7	2	1	4	539.74789135	668.74906347	10	9001	11	700	7	12	1	1.02	714	5729841.98	0	4638.65	705.39	5344.04
"199"	10	53	38	7	3	1	4	539.74789135	668.74906347	10	9001	11	1200	8	12	1	1.02	1224	9822586.24	0	20142.15	1566.26	21708.41
"200"	10	53	38	7	5	1	4	539.74789135	668.74906347	10	9001	11	500	8	12	1	1.02	510	4092744.27	0	8387.8	232.29	8620.09
"201"	10	53	38	7	7	1	4	539.74789135	668.74906347	10	9001	11	999999.99	9	12	1	1.02	816	6548390.83	1	4349.75	752.89	5102.64
"202"	10	53	39	5	1	1	4	368.33102087	456.36310804	10	9001	11	500	11	12	1	1.01	505	2765560.43	0	5745.58	451.16	6196.74
"203"	10	53	39	5	10	1	4	368.33102087	456.36310804	10	9001	11	750	12	12	1	1	750	4107267.97	0	1103	728.96	1831.96
"204"	10	53	39	5	11	1	4	368.33102087	456.36310804	10	9001	11	300	12	12	1	1	300	1642907.19	0	684.95	211.49	896.44
"205"	10	53	39	5	15	1	4	368.33102087	456.36310804	10	9001	11	350	12	12	1	1	350	1916725.05	0	450.28	417.58	867.86
"206"	10	53	39	5	18	1	4	368.33102087	456.36310804	10	9001	11	300	1	12	1	1	300	1642907.19	0	3776.2	22	3798.2
"207"	10	53	39	5	3	1	4	368.33102087	456.36310804	10	9001	11	400	11	12	1	1.01	404	2212448.35	0	902.38	430.45	1332.82
"208"	10	53	40	9	12	1	4	1286.18530184	1593.58698725	10	9001	11	1000	1	12	1	1	1000	19123043.85	0	10804.82	954.68	11759.5
"209"	10	53	40	9	13	1	4	1286.18530184	1593.58698725	10	9001	11	600	1	12	1	1	600	11473826.31	0	865.66	600	1465.66
"210"	10	53	40	9	3	1	4	1286.18530184	1593.58698725	10	9001	11	1400	11	12	1	1.01	1414	27039984	0	5519.2	1422.75	6941.96
"211"	10	53	41	7	1	1	4	1938.13946459	2401.35991746	10	9001	11	800	3	12	1	1	800	23053055.21	0	5100	548	5648
"212"	10	53	41	7	12	1	4	1938.13946459	2401.35991746	10	9001	11	500	1	12	1	1	500	14408159.5	0	450.62	500	950.62
"213"	10	53	41	7	9	1	4	1938.13946459	2401.35991746	10	9001	11	600	12	12	1	1	600	17289791.41	0	1310	574.83	1884.83
"214"	10	53	42	5	1	1	4	642.82555283	796.46255838	10	9001	11	1800	2	12	1	1	1800	17203591.26	0	15164	1758.8	16922.8
"215"	10	53	42	5	12	1	4	642.82555283	796.46255838	10	9001	11	999999.99	3	12	1	1	816	7798961.37	1	455.45	757.67	1213.12
"216"	10	53	42	5	14	1	4	642.82555283	796.46255838	10	9001	11	380	3	12	1	1	380	3631869.27	0	2538.19	380	2918.19
"217"	10	53	42	5	2	1	4	642.82555283	796.46255838	10	9001	11	700	2	12	1	1	700	6690285.49	0	1465.48	751	2216.48
"218"	10	53	42	5	5	1	4	642.82555283	796.46255838	10	9001	11	999999.99	2	12	1	1	990	9461975.19	1	1590	887	2477
"219"	10	53	42	5	6	1	4	642.82555283	796.46255838	10	9001	11	700	2	12	1	1	700	6690285.49	0	3466.86	738.37	4205.23
"220"	10	53	42	5	8	1	4	642.82555283	796.46255838	10	9001	11	1800	2	12	1	1	1800	17203591.26	0	11370	99.56	11469.56
"221"	10	53	42	5	9	1	4	642.82555283	796.46255838	10	9001	11	1200	3	12	1	1	1200	11469060.84	0	10719.54	530.65	11250.19
"222"	10	53	43	3	13	1	4	1368.97470449	1696.16327588	10	9001	11	500	3	12	1	1	500	10176979.66	0	6803.33	500	7303.33
"223"	10	53	43	3	2	1	4	1368.97470449	1696.16327588	10	9001	11	400	1	12	1	1	400	8141583.72	0	6895	383.33	7278.33
"224"	10	53	43	3	3	1	4	1368.97470449	1696.16327588	10	9001	11	400	2	12	1	1	400	8141583.72	0	1570.76	400	1970.76
"225"	10	53	43	3	8	1	4	1368.97470449	1696.16327588	10	9001	11	450	3	12	1	1	450	9159281.69	0	1886	450	2336
"226"	10	53	44	1	1	1	5	994.46813397	1232.14864551	10	9001	11	350	4	12	1	1.04	364	5382025.28	0	1868.6	56	1924.6
"227"	10	53	44	1	10	1	5	994.46813397	1232.14864551	10	9001	11	450	6	12	1	1.02	459	6786674.74	0	2755.25	459	3214.25
"228"	10	53	44	1	12	1	5	994.46813397	1232.14864551	10	9001	11	600	6	12	1	1.02	612	9048899.65	0	776.52	612	1388.52
"229"	10	53	44	1	15	1	5	994.46813397	1232.14864551	10	9001	11	1000	7	12	1	1.02	1020	15081499.42	0	18889.38	447	19336.38
"230"	10	53	44	1	3	1	5	994.46813397	1232.14864551	10	9001	11	600	4	12	1	1.04	624	9226329.06	0	12038	671.25	12709.25
"231"	10	53	44	1	5	1	5	994.46813397	1232.14864551	10	9001	11	350	5	12	1	1.03	360.5	5330275.04	0	199.57	4.95	204.51
"232"	10	53	44	1	6	1	5	994.46813397	1232.14864551	10	9001	11	300	5	12	1	1.03	309	4568807.18	0	1073.84	4.46	1078.3
"233"	10	53	44	1	7	1	5	994.46813397	1232.14864551	10	9001	11	400	5	12	1	1.03	412	6091742.9	0	6229	261.79	6490.79
"234"	10	53	45	0	11	1	5	648.51214128	803.5082565	10	9001	11	350	7	12	1	1.02	357	3442229.37	0	3566.52	286.96	3853.48
"235"	10	53	45	0	2	1	5	648.51214128	803.5082565	10	9001	11	400	4	12	1	1.04	416	4011113.22	0	364	398.67	762.67
"236"	10	53	45	0	4	1	5	648.51214128	803.5082565	10	9001	11	250	5	12	1	1.03	257.5	2482840.51	0	773.55	362.73	1136.28
"237"	10	53	45	0	7	1	5	648.51214128	803.5082565	10	9001	11	500	6	12	1	1.02	510	4917470.53	0	122.23	175.2	297.43
"238"	10	53	45	0	9	1	5	648.51214128	803.5082565	10	9001	11	250	6	11	1	1.02	255	2253840.66	0	1048.29	277.18	1325.46
"239"	10	53	46	8	11	1	5	722.16743613	894.76736144	10	9001	11	250	6	12	1	1.02	255	2737988.13	0	807.07	275.01	1082.08
"240"	10	53	46	8	2	1	5	722.16743613	894.76736144	10	9001	11	400	4	12	1	1.04	416	4466678.67	0	4305.15	416	4721.15
"241"	10	53	46	8	4	1	5	722.16743613	894.76736144	10	9001	11	550	4	12	1	1.04	572	6141683.17	0	9459.22	615.67	10074.89
"242"	10	53	46	8	5	1	5	722.16743613	894.76736144	10	9001	11	200	4	12	1	1.04	208	2233339.33	0	848	208	1056
"243"	10	53	46	8	7	1	5	722.16743613	894.76736144	10	9001	11	400	5	12	1	1.03	412	4423729.83	0	4061.76	412	4473.76
"244"	10	53	47	6	1	1	5	567.75985663	703.45596246	10	9001	11	300	5	12	1	1.03	309	2608414.71	0	1016.15	142.3	1158.45
"245"	10	53	47	6	12	1	5	567.75985663	703.45596246	10	9001	11	300	6	12	1	1.02	306	2583090.29	0	865.48	306	1171.48
"246"	10	53	47	6	3	1	5	567.75985663	703.45596246	10	9001	11	350	5	12	1	1.03	360.5	3043150.49	0	1947.41	357.11	2304.52
"247"	10	53	47	6	5	1	5	567.75985663	703.45596246	10	9001	11	300	5	12	1	1.03	309	2608414.71	0	340.98	492.98	833.97
"248"	10	53	48	4	10	1	5	653.67411536	809.90395603	10	9001	11	300	7	12	1	1.02	306	2973967.33	0	3232.4	0	3232.4
"249"	10	53	48	4	11	1	5	653.67411536	809.90395603	10	9001	11	180	7	12	1	1.02	183.6	1784380.4	0	450	117.04	567.04
"250"	10	53	48	4	3	1	5	653.67411536	809.90395603	10	9001	11	400	5	12	1	1.03	412	4004165.16	0	209	493.7	702.7
"251"	10	53	48	4	4	1	5	653.67411536	809.90395603	10	9001	11	250	5	12	1	1.03	257.5	2502603.22	0	1973.06	203	2176.06
"252"	10	53	48	4	7	1	5	653.67411536	809.90395603	10	9001	11	400	6	12	1	1.02	408	3965289.77	0	4517.34	378.88	4896.22
"253"	10	53	49	2	10	1	5	530.04015193	656.72114868	10	9001	11	350	7	12	1	1.02	357	2813393.4	0	1042.91	369.68	1412.58
"254"	10	53	49	2	12	1	5	530.04015193	656.72114868	10	9001	11	350	7	12	1	1.02	357	2813393.4	0	1309.13	352.94	1662.07
"255"	10	53	49	2	2	1	5	530.04015193	656.72114868	10	9001	11	400	4	12	1	1.04	416	3278351.97	0	2709	416	3125
"256"	10	53	49	2	3	1	5	530.04015193	656.72114868	10	9001	11	300	4	12	1	1.04	312	2458763.98	0	1243.85	315.38	1559.23
"257"	10	53	49	2	5	1	5	530.04015193	656.72114868	10	9001	11	300	5	12	1	1.03	309	2435122.02	0	1424	309	1733
"258"	10	53	49	2	6	1	5	530.04015193	656.72114868	10	9001	11	300	5	12	1	1.03	309	2435122.02	0	1400.46	309	1709.46
"259"	10	53	49	2	7	1	5	530.04015193	656.72114868	10	9001	11	300	6	12	1	1.02	306	2411480.06	0	575.95	289.26	865.21
"260"	10	53	49	2	8	1	5	530.04015193	656.72114868	10	9001	11	300	6	12	1	1.02	306	2411480.06	0	1136.43	313.07	1449.49
"261"	10	53	50	6	10	1	5	558.06005812	691.43788648	10	9001	11	200	6	12	1	1.02	204	1692639.95	0	1250.97	199.84	1450.81
"262"	10	53	50	6	11	1	5	558.06005812	691.43788648	10	9001	11	280	6	12	1	1.02	285.6	2369695.92	0	1822.5	279.1	2101.6
"263"	10	53	50	6	13	1	5	558.06005812	691.43788648	10	9001	11	350	6	12	1	1.02	357	2962119.91	0	8315.89	406.63	8722.51
"264"	10	53	50	6	2	1	5	558.06005812	691.43788648	10	9001	11	250	4	12	1	1.04	260	2157286.21	0	227.33	260	487.33
"265"	10	53	50	6	3	1	5	558.06005812	691.43788648	10	9001	11	300	4	12	1	1.04	312	2588743.45	0	180.5	348.53	529.03
"266"	10	53	50	6	5	1	5	558.06005812	691.43788648	10	9001	11	200	4	12	1	1.04	208	1725828.96	0	106	378.78	484.78
"267"	10	53	50	6	6	1	5	558.06005812	691.43788648	10	9001	11	350	6	12	1	1.02	357	2962119.91	0	428	350.05	778.05
"268"	10	53	50	6	9	1	5	558.06005812	691.43788648	10	9001	11	350	5	6	1	1.03	360.5	1495580.15	0	3424.51	0	3424.51
"269"	10	53	51	4	1	1	5	803.94936368	996.09538574	10	9001	11	200	5	12	1	1.03	206	2462347.79	0	997.4	84.33	1081.73
"270"	10	53	51	4	10	1	5	803.94936368	996.09538574	10	9001	11	200	6	12	1	1.02	204	2438441.5	0	1912.43	204	2116.43
"271"	10	53	51	4	4	1	5	803.94936368	996.09538574	10	9001	11	150	5	12	1	1.03	154.5	1846760.85	0	569.31	84.21	653.52
"272"	10	53	51	4	5	1	5	803.94936368	996.09538574	10	9001	11	250	5	12	1	1.03	257.5	3077934.74	0	1049.93	193.03	1242.96
"273"	10	53	51	4	6	1	5	803.94936368	996.09538574	10	9001	11	350	6	12	1	1.02	357	4267272.63	0	2615.71	60.89	2676.6
"274"	10	53	51	4	8	1	5	803.94936368	996.09538574	10	9001	11	200	6	12	1	1.02	204	2438441.5	0	1294.42	207.43	1501.84
"275"	10	53	52	2	1	1	5	456.20743034	565.24221155	10	9001	11	150	5	6	1	1.03	154.5	523979.53	0	138.33	93.96	232.29
"276"	10	53	52	2	10	1	5	456.20743034	565.24221155	10	9001	11	200	7	12	1	1.02	204	1383712.93	0	424.28	204	628.28
"277"	10	53	52	2	12	1	5	456.20743034	565.24221155	10	9001	11	300	7	12	1	1.02	306	2075569.4	0	4997.08	299.85	5296.93
"278"	10	53	52	2	3	1	5	456.20743034	565.24221155	10	9001	11	300	5	12	1	1.03	309	2095918.12	0	639.17	339.6	978.77
"279"	10	53	52	2	4	1	5	456.20743034	565.24221155	10	9001	11	200	5	12	1	1.03	206	1397278.75	0	1392.96	199.42	1592.38
"280"	10	53	52	2	5	1	5	456.20743034	565.24221155	10	9001	11	999999.99	5	12	1	1.03	255	1729641.17	1	1086.73	255	1341.73
"281"	10	53	52	2	7	1	5	456.20743034	565.24221155	10	9001	11	330	6	12	1	1.02	336.6	2283126.34	0	510.12	400.74	910.86
"282"	10	53	52	2	8	1	5	456.20743034	565.24221155	10	9001	11	250	6	12	1	1.02	255	1729641.17	0	1283.11	247.1	1530.21
"283"	10	53	52	2	9	1	5	456.20743034	565.24221155	10	9001	11	450	6	6	1	1.02	459	1556677.05	0	2193.56	196.35	2389.9
"284"	10	53	53	0	1	1	5	468.82320408	580.87318856	10	9001	11	999999.99	6	12	1	1.02	816	5687910.26	1	5245.8	812.13	6057.93
"285"	10	53	53	0	10	1	5	468.82320408	580.87318856	10	9001	11	250	7	12	1	1.02	255	1777471.96	0	1813	255	2068
"286"	10	53	53	0	12	1	5	468.82320408	580.87318856	10	9001	11	175	7	6	1	1.02	178.5	622115.18	0	1318.8	111	1429.8
"287"	10	53	53	0	13	1	5	468.82320408	580.87318856	10	9001	11	180	7	6	1	1.02	183.6	639889.9	0	2154.59	296.98	2451.57
"288"	10	53	53	0	2	1	5	468.82320408	580.87318856	10	9001	11	500	6	12	1	1.02	510	3554943.91	0	2503.17	490.23	2993.39
"289"	10	53	53	0	4	1	5	468.82320408	580.87318856	10	9001	11	350	5	12	1	1.03	360.5	2512857.41	0	140.75	350.33	491.09
"290"	10	53	54	9	11	1	5	629.58204334	780.05381514	10	9001	11	300	10	12	1	1.02	306	2864357.61	0	52	306	358
"291"	10	53	54	9	12	1	5	629.58204334	780.05381514	10	9001	11	300	10	12	1	1.02	306	2864357.61	0	433.2	316.97	750.17
"292"	10	53	54	9	2	1	5	629.58204334	780.05381514	10	9001	11	999999.99	7	12	1	1.02	154.5	1446219.77	1	987	161.7	1148.7
"293"	10	53	54	9	5	1	5	629.58204334	780.05381514	10	9001	11	100	8	12	1	1.02	102	954785.87	0	172.92	394.85	567.77
"294"	10	53	54	9	6	1	5	629.58204334	780.05381514	10	9001	11	250	8	12	1	1.02	255	2386964.67	0	2364.35	270.3	2634.65
"295"	10	53	54	9	7	1	5	629.58204334	780.05381514	10	9001	11	150	9	12	1	1.02	153	1432178.8	0	1603.11	193.56	1796.67
"296"	10	53	54	9	8	1	5	629.58204334	780.05381514	10	9001	11	200	9	12	1	1.02	204	1909571.74	0	427.63	423.64	851.27
"297"	10	53	54	9	9	1	5	629.58204334	780.05381514	10	9001	11	200	9	12	1	1.02	204	1909571.74	0	470.75	619.78	1090.53
"298"	10	53	55	7	1	1	5	995.0887218	1232.91755548	10	9001	11	100	7	12	1	1.02	102	1509091.09	0	1548.15	102	1650.15
"299"	10	53	55	7	5	1	5	995.0887218	1232.91755548	10	9001	11	150	7	12	1	1.02	153	2263636.63	0	2293	153	2446
"300"	10	53	55	7	7	1	5	995.0887218	1232.91755548	10	9001	11	200	8	12	1	1.02	204	3018182.18	0	1524.15	220.5	1744.65
"301"	10	53	55	7	8	1	5	995.0887218	1232.91755548	10	9001	11	400	8	12	1	1.02	408	6036364.35	0	482.5	408	890.5
"302"	10	53	56	5	5	1	5	1034.61562998	1281.89149915	10	9001	11	700	8	12	1	1.02	714	10983246.36	0	340.27	714	1054.27
"303"	10	53	56	5	7	1	5	1034.61562998	1281.89149915	10	9001	11	250	8	12	1	1.02	255	3922587.99	0	1478.46	274.89	1753.35
"304"	10	53	57	3	1	1	5	907.55540166	1124.46354054	10	9001	11	200	8	12	1	1.02	204	2752686.75	0	416.73	204	620.73
"305"	10	53	57	3	13	1	5	907.55540166	1124.46354054	10	9001	11	250	10	12	1	1.02	255	3440858.43	0	1669.35	287.97	1957.32
"306"	10	53	58	1	1	1	5	590.50125858	731.63261957	10	9001	11	500	7	12	1	1.02	510	4477591.63	0	4183.5	498.33	4681.83
"307"	10	53	58	1	10	1	5	590.50125858	731.63261957	10	9001	11	400	10	12	1	1.02	408	3582073.31	0	4494.2	368.67	4862.87
"308"	10	53	58	1	12	1	5	590.50125858	731.63261957	10	9001	11	480	10	12	1	1.02	489.6	4298487.97	0	665	1074.48	1739.48
"309"	10	53	58	1	13	1	5	590.50125858	731.63261957	10	9001	11	250	10	12	1	1.02	255	2238795.82	0	722.75	385.39	1108.15
"310"	10	53	58	1	2	1	5	590.50125858	731.63261957	10	9001	11	150	7	12	1	1.02	153	1343277.49	0	336.01	266.73	602.74
"311"	10	53	58	1	7	1	5	590.50125858	731.63261957	10	9001	11	400	9	12	1	1.02	408	3582073.31	0	838.08	671.07	1509.15
"312"	10	53	59	0	1	1	5	456.01724448	565.00657077	10	9001	11	400	7	12	1	1.02	408	2766272.17	0	509.05	0	509.05
"313"	10	53	59	0	11	1	5	456.01724448	565.00657077	10	9001	11	200	9	12	1	1.02	204	1383136.09	0	1814.19	299.49	2113.68
"314"	10	53	59	0	12	1	5	456.01724448	565.00657077	10	9001	11	500	9	12	1	1.02	510	3457840.21	0	11740.2	497.64	12237.84
"315"	10	53	59	0	3	1	5	456.01724448	565.00657077	10	9001	11	250	7	12	1	1.02	255	1728920.11	0	1931.8	264.24	2196.04
"316"	10	53	59	0	4	1	5	456.01724448	565.00657077	10	9001	11	350	8	12	1	1.02	357	2420488.15	0	4481.56	349.2	4830.76
"317"	10	53	59	0	5	1	5	456.01724448	565.00657077	10	9001	11	300	8	12	1	1.02	306	2074704.13	0	207.5	695.13	902.63
"318"	10	53	59	0	6	1	5	456.01724448	565.00657077	10	9001	11	300	8	12	1	1.02	306	2074704.13	0	721	298.2	1019.2
"319"	10	53	59	0	8	1	5	456.01724448	565.00657077	10	9001	11	250	8	12	1	1.02	255	1728920.11	0	404	361.55	765.55
"320"	10	53	59	0	9	1	5	456.01724448	565.00657077	10	9001	11	300	8	12	1	1.02	306	2074704.13	0	1978.33	4.38	1982.71
"321"	10	53	60	3	1	1	5	726.89459145	900.62431936	10	9001	11	350	8	12	1	1.02	357	3858274.58	0	5787.22	366.36	6153.58
"322"	10	53	60	3	11	1	5	726.89459145	900.62431936	10	9001	11	350	9	12	1	1.02	357	3858274.58	0	391.4	361.33	752.73
"323"	10	53	60	3	4	1	5	726.89459145	900.62431936	10	9001	11	300	8	12	1	1.02	306	3307092.5	0	1925.57	0	1925.57
"324"	10	53	60	3	5	1	5	726.89459145	900.62431936	10	9001	11	170	8	12	1	1.02	173.4	1874019.08	0	1228.61	225.15	1453.76
"325"	10	53	60	3	7	1	5	726.89459145	900.62431936	10	9001	11	250	9	12	1	1.02	255	2755910.42	0	2138.63	316.55	2455.18
"326"	10	53	60	3	9	1	5	726.89459145	900.62431936	10	9001	11	300	8	12	1	1.02	306	3307092.5	0	2301.28	331.38	2632.65
"327"	10	53	61	1	1	1	5	959.92009544	1189.34353449	10	9001	11	300	8	12	1	1.02	306	4367269.46	0	1436.71	362.65	1799.36
"328"	10	53	61	1	13	1	5	959.92009544	1189.34353449	10	9001	11	999999.99	10	12	1	1.02	408	5823025.94	1	5624.59	542.4	6166.99
"329"	10	53	61	1	5	1	5	959.92009544	1189.34353449	10	9001	11	250	8	12	1	1.02	255	3639391.22	0	2241.86	213.4	2455.26
"330"	10	53	61	1	7	1	5	959.92009544	1189.34353449	10	9001	11	300	9	12	1	1.02	306	4367269.46	0	769.71	544.95	1314.66
"331"	10	53	61	1	8	1	5	959.92009544	1189.34353449	10	9001	11	200	9	12	1	1.02	204	2911512.97	0	499.45	215.25	714.7
"332"	10	53	62	0	10	1	5	897.85650567	1112.44658279	10	9001	11	350	10	12	1	1.02	357	4765721.16	0	8889.13	346.4	9235.53
"333"	10	53	62	0	12	1	5	897.85650567	1112.44658279	10	9001	11	300	10	12	1	1.02	306	4084903.85	0	1785.2	324.77	2109.97
"334"	10	53	62	0	3	1	5	897.85650567	1112.44658279	10	9001	11	250	7	12	1	1.02	255	3404086.54	0	2253.7	277.7	2531.4
"335"	10	53	62	0	6	1	5	897.85650567	1112.44658279	10	9001	11	250	8	12	1	1.02	255	3404086.54	0	763.31	301.75	1065.06
"336"	10	53	62	0	7	1	5	897.85650567	1112.44658279	10	9001	11	600	9	12	1	1.02	612	8169807.7	0	3234.25	468.9	3703.15
"337"	10	53	63	8	1	1	5	471.17241379	583.78386559	10	9001	11	300	11	12	1	1.01	303	2122638.14	0	1490.28	333.3	1823.58
"338"	10	53	63	8	11	1	5	471.17241379	583.78386559	10	9001	11	300	1	12	1	1	300	2101621.92	0	796.35	355.16	1151.51
"339"	10	53	63	8	13	1	5	471.17241379	583.78386559	10	9001	11	200	1	12	1	1	200	1401081.28	0	873.55	200	1073.55
"340"	10	53	63	8	2	1	5	471.17241379	583.78386559	10	9001	11	100	11	12	1	1.01	101	707546.05	0	909.34	101	1010.34
"341"	10	53	63	8	5	1	5	471.17241379	583.78386559	10	9001	11	999999.99	12	12	1	1	816	5716411.61	1	1765.52	816	2581.52
"342"	10	53	63	8	6	1	5	471.17241379	583.78386559	10	9001	11	150	12	12	1	1	150	1050810.96	0	4523.8	172.11	4695.91
"343"	10	53	63	8	8	1	5	471.17241379	583.78386559	10	9001	11	150	12	12	1	1	150	1050810.96	0	1027.62	123.6	1151.22
"344"	10	53	63	8	9	1	5	471.17241379	583.78386559	10	9001	11	200	1	12	1	1	200	1401081.28	0	1057.22	200	1257.22
"345"	10	53	64	6	3	1	5	688.15697407	852.62830907	10	9001	11	999999.99	11	12	1	1.01	204	2087234.1	1	1728	204	1932
"346"	10	53	64	6	4	1	5	688.15697407	852.62830907	10	9001	11	400	11	12	1	1.01	404	4133542.04	0	2082.86	395.34	2478.2
"347"	10	53	64	6	5	1	5	688.15697407	852.62830907	10	9001	11	250	11	12	1	1.01	252.5	2583463.78	0	1462.25	252.5	1714.75
"348"	10	53	64	6	7	1	5	688.15697407	852.62830907	10	9001	11	250	11	12	1	1.01	252.5	2583463.78	0	450.62	295.29	745.91
"349"	10	53	65	4	1	1	5	757.86200194	938.99302278	10	9001	11	200	11	12	1	1.01	202	2276119.09	0	561.55	257.3	818.85
"350"	10	53	65	4	10	1	5	757.86200194	938.99302278	10	9001	11	200	12	12	1	1	200	2253583.25	0	4789.5	200	4989.5
"351"	10	53	65	4	2	1	5	757.86200194	938.99302278	10	9001	11	400	11	12	1	1.01	404	4552238.17	0	18401.67	0	18401.67
"352"	10	53	65	4	7	1	5	757.86200194	938.99302278	10	9001	11	400	12	12	1	1	400	4507166.51	0	465.11	384.83	849.95
"353"	10	53	65	4	8	1	5	757.86200194	938.99302278	10	9001	11	350	12	12	1	1	350	3943770.7	0	1117.55	458	1575.55
"354"	10	53	66	2	1	1	5	535.79338148	663.84941529	10	9001	11	250	11	12	1	1.01	252.5	2011463.73	0	1716.37	252.5	1968.87
"355"	10	53	66	2	12	1	5	535.79338148	663.84941529	10	9001	11	400	1	12	1	1	400	3186477.19	0	1527.68	385.88	1913.56
"356"	10	53	66	2	13	1	5	535.79338148	663.84941529	10	9001	11	200	1	12	1	1	200	1593238.6	0	730.9	568	1298.9
"357"	10	53	66	2	2	1	5	535.79338148	663.84941529	10	9001	11	350	11	12	1	1.01	353.5	2816049.22	0	5720	291.7	6011.7
"358"	10	53	66	2	6	1	5	535.79338148	663.84941529	10	9001	11	400	12	12	1	1	400	3186477.19	0	865.28	444.24	1309.52
"359"	10	53	66	2	7	1	5	535.79338148	663.84941529	10	9001	11	300	12	12	1	1	300	2389857.9	0	660.28	325.24	985.51
"360"	10	53	67	0	1	1	5	513.26873065	635.9413134	10	9001	11	350	11	12	1	1.01	353.5	2697663.05	0	1786.5	393.08	2179.58
"361"	10	53	67	0	10	1	5	513.26873065	635.9413134	10	9001	11	350	12	12	1	1	350	2670953.52	0	4817.32	421	5238.32
"362"	10	53	67	0	11	1	5	513.26873065	635.9413134	10	9001	11	999999.99	1	12	1	1	510	3891960.84	1	849.5	481.88	1331.38
"363"	10	53	67	0	13	1	5	513.26873065	635.9413134	10	9001	11	200	1	12	1	1	200	1526259.15	0	1627.75	200	1827.75
"364"	10	53	67	0	5	1	5	513.26873065	635.9413134	10	9001	11	400	12	12	1	1	400	3052518.3	0	561.55	399.1	960.65
"365"	10	53	67	0	6	1	5	513.26873065	635.9413134	10	9001	11	500	12	12	1	1	500	3815647.88	0	2262.93	488.67	2751.6
"366"	10	53	67	0	7	1	5	513.26873065	635.9413134	10	9001	11	300	12	12	1	1	300	2289388.73	0	763	140.8	903.8
"367"	10	53	67	0	8	1	5	513.26873065	635.9413134	10	9001	11	400	12	12	1	1	400	3052518.3	0	500.11	382.83	882.95
"368"	10	53	68	9	1	1	5	780.72917393	967.32550929	10	9001	11	350	11	12	1	1.01	353.5	4103394.81	0	17958.13	397.25	18355.38
"369"	10	53	68	9	12	1	5	780.72917393	967.32550929	10	9001	11	150	1	12	1	1	150	1741185.92	0	180	141.25	321.25
"370"	10	53	68	9	2	1	5	780.72917393	967.32550929	10	9001	11	300	11	12	1	1.01	303	3517195.55	0	4682.21	558	5240.21
"371"	10	53	68	9	7	1	5	780.72917393	967.32550929	10	9001	11	350	12	12	1	1	350	4062767.14	0	965.4	497.28	1462.68
"372"	10	53	68	9	9	1	5	780.72917393	967.32550929	10	9001	11	400	12	12	1	1	400	4643162.44	0	868	386.61	1254.61
"373"	10	53	69	7	12	1	5	1127.19468092	1396.59718786	10	9001	11	450	12	12	1	1	450	7541624.81	0	1050	437.13	1487.13
"374"	10	53	69	7	13	1	5	1127.19468092	1396.59718786	10	9001	11	250	12	12	1	1	250	4189791.56	0	1849.63	242.9	2092.53
"375"	10	53	69	7	2	1	5	1127.19468092	1396.59718786	10	9001	11	350	11	12	1	1.01	353.5	5924365.27	0	1692.8	343.2	2036
"376"	10	53	69	7	4	1	5	1127.19468092	1396.59718786	10	9001	11	400	11	12	1	1.01	404	6770703.17	0	5939.91	411.9	6351.81
"377"	10	53	69	7	8	1	5	1127.19468092	1396.59718786	10	9001	11	450	11	12	1	1.01	454.5	7617041.06	0	15722	403.83	16125.83
"378"	10	53	70	0	1	1	5	792.37921727	981.75994378	10	9001	11	800	11	12	1	1.01	808	9519144.41	0	1771.4	593.07	2364.47
"379"	10	53	70	0	11	1	5	792.37921727	981.75994378	10	9001	11	250	1	12	1	1	250	2945279.83	0	1559	170	1729
"380"	10	53	70	0	12	1	5	792.37921727	981.75994378	10	9001	11	200	1	12	1	1	200	2356223.87	0	1207.75	200	1407.75
"381"	10	53	70	0	13	1	5	792.37921727	981.75994378	10	9001	11	300	1	12	1	1	300	3534335.8	0	2950.78	418.88	3369.67
"382"	10	53	70	0	5	1	5	792.37921727	981.75994378	10	9001	11	250	11	12	1	1.01	252.5	2974732.63	0	720.35	345.15	1065.51
"383"	10	53	71	9	11	1	5	703.61371652	871.77925381	10	9001	11	450	1	12	1	1	450	4707607.97	0	3064.74	389.34	3454.08
"384"	10	53	71	9	12	1	5	703.61371652	871.77925381	10	9001	11	200	1	12	1	1	200	2092270.21	0	619.72	200	819.72
"385"	10	53	71	9	3	1	5	703.61371652	871.77925381	10	9001	11	300	11	12	1	1.01	303	3169789.37	0	1449.9	303	1752.9
"386"	10	53	71	9	5	1	5	703.61371652	871.77925381	10	9001	11	800	11	12	1	1.01	808	8452771.64	0	6606.08	627.75	7233.83
"387"	10	53	71	9	6	1	5	703.61371652	871.77925381	10	9001	11	400	12	12	1	1	400	4184540.42	0	2753.5	470	3223.5
"388"	10	53	71	9	8	1	5	703.61371652	871.77925381	10	9001	11	600	12	7	1	1	600	3661472.87	0	193.85	350	543.85
"389"	10	53	71	9	9	1	5	703.61371652	871.77925381	10	9001	11	400	12	12	1	1	400	4184540.42	0	715.05	400	1115.05
"390"	10	53	72	7	1	1	5	664.28675136	823.05304007	10	9001	11	400	1	12	1	1	400	3950654.59	0	600.28	415.58	1015.86
"391"	10	53	72	7	2	1	5	664.28675136	823.05304007	10	9001	11	800	1	12	1	1	800	7901309.18	0	1400.55	827.33	2227.88
"392"	10	53	72	7	4	1	5	664.28675136	823.05304007	10	9001	11	550	2	12	1	1	550	5432150.06	0	2706.02	648.13	3354.15
"393"	10	53	72	7	5	1	5	664.28675136	823.05304007	10	9001	11	500	2	12	1	1	500	4938318.24	0	9193.83	477.5	9671.33
"394"	10	53	72	7	7	1	5	664.28675136	823.05304007	10	9001	11	700	3	12	1	1	700	6913645.54	0	20600	675.78	21275.78
"395"	10	53	72	7	8	1	5	664.28675136	823.05304007	10	9001	11	350	3	12	1	1	350	3456822.77	0	530	350	880
"396"	10	53	73	5	10	1	5	449.25735137	556.63104535	10	9001	11	350	3	12	1	1	350	2337850.39	0	1677.5	154.16	1831.66
"397"	10	53	73	5	12	1	5	449.25735137	556.63104535	10	9001	11	400	3	12	1	1	400	2671829.02	0	1282.69	482.42	1765.11
"398"	10	53	73	5	3	1	5	449.25735137	556.63104535	10	9001	11	150	1	12	1	1	150	1001935.88	0	635.83	165.5	801.33
"399"	10	53	73	5	4	1	5	449.25735137	556.63104535	10	9001	11	999999.99	1	6	1	1	306	1021974.6	1	0	347.33	347.33
"400"	10	53	73	5	5	1	5	449.25735137	556.63104535	10	9001	11	250	1	12	1	1	250	1669893.14	0	4474.4	20.33	4494.73
"401"	10	53	73	5	6	1	5	449.25735137	556.63104535	10	9001	11	400	2	12	1	1	400	2671829.02	0	1169.72	12.67	1182.39
"402"	10	53	73	5	7	1	5	449.25735137	556.63104535	10	9001	11	200	2	12	1	1	200	1335914.51	0	550	146.6	696.6
"403"	10	53	74	3	1	1	5	598.78090575	741.89112429	10	9001	11	200	2	12	1	1	200	1780538.7	0	714	213.6	927.6
"404"	10	53	74	3	12	1	5	598.78090575	741.89112429	10	9001	11	350	3	12	1	1	350	3115942.72	0	560.01	397.25	957.26
"405"	10	53	74	3	13	1	5	598.78090575	741.89112429	10	9001	11	300	4	12	1	0.99	297	2644099.97	0	375.85	314.82	690.67
"406"	10	53	74	3	2	1	5	598.78090575	741.89112429	10	9001	11	450	2	12	1	1	450	4006212.07	0	471.5	441.67	913.17
"407"	10	53	74	3	4	1	5	598.78090575	741.89112429	10	9001	11	999999.99	2	12	1	1	306	2724224.21	1	1173.42	305.87	1479.28
"408"	10	53	74	3	5	1	5	598.78090575	741.89112429	10	9001	11	300	2	12	1	1	300	2670808.05	0	1343.76	577.9	1921.66
"409"	10	53	75	1	1	1	5	709.42219242	878.9759708	10	9001	11	300	2	12	1	1	300	3164313.49	0	1300	0	1300
"410"	10	53	75	1	12	1	5	709.42219242	878.9759708	10	9001	11	400	4	12	1	0.99	396	4176893.81	0	314.83	424.8	739.63
"411"	10	53	75	1	5	1	5	709.42219242	878.9759708	10	9001	11	350	2	12	1	1	350	3691699.08	0	3095.74	387.4	3483.13
"412"	10	53	75	1	6	1	5	709.42219242	878.9759708	10	9001	11	350	3	12	1	1	350	3691699.08	0	920.06	350	1270.06
"413"	10	53	75	1	7	1	5	709.42219242	878.9759708	10	9001	11	250	3	12	1	1	250	2636927.91	0	1421.74	250	1671.74
"414"	10	53	76	0	11	1	5	685.27687034	849.05985294	10	9001	11	500	4	12	1	0.99	495	5043415.53	0	2172.82	418.85	2591.68
"415"	10	53	76	0	12	1	5	685.27687034	849.05985294	10	9001	11	350	4	12	1	0.99	346.5	3530390.87	0	2187.07	338.5	2525.57
"416"	10	53	76	0	13	1	5	685.27687034	849.05985294	10	9001	11	500	4	12	1	0.99	495	5043415.53	0	1632.8	495	2127.8
"417"	10	53	76	0	4	1	5	685.27687034	849.05985294	10	9001	11	300	2	12	1	1	300	3056615.47	0	313.33	0	313.33
"418"	10	53	76	0	5	1	5	685.27687034	849.05985294	10	9001	11	400	2	12	1	1	400	4075487.29	0	2449	612.56	3061.56
"419"	10	53	76	0	6	1	5	685.27687034	849.05985294	10	9001	11	200	2	12	1	1	200	2037743.65	0	258	188.16	446.16
"420"	10	53	77	8	12	1	5	582.98811545	722.32381538	10	9001	11	300	3	12	1	1	300	2600365.74	0	1342.93	305.5	1648.43
"421"	10	53	77	8	13	1	5	582.98811545	722.32381538	10	9001	11	999999.99	3	12	1	1	816	7072994.8	1	2132.55	581.35	2713.9
"422"	10	53	77	8	4	1	5	582.98811545	722.32381538	10	9001	11	200	2	12	1	1	200	1733577.16	0	280	256.77	536.77
"423"	10	53	77	8	5	1	5	582.98811545	722.32381538	10	9001	11	999999.99	1	12	1	1	816	7072994.8	1	1105	802.03	1907.03
"424"	10	53	77	8	6	1	5	582.98811545	722.32381538	10	9001	11	100	2	12	1	1	100	866788.58	0	247.5	100	347.5
"425"	10	53	77	8	7	1	5	582.98811545	722.32381538	10	9001	11	350	2	12	1	1	350	3033760.02	0	1250.42	368.98	1619.4
"426"	10	53	77	8	8	1	5	582.98811545	722.32381538	10	9001	11	300	2	12	1	1	300	2600365.74	0	1422.28	332	1754.28
"427"	10	53	77	8	9	1	5	582.98811545	722.32381538	10	9001	11	300	2	12	1	1	300	2600365.74	0	991.5	580.76	1572.26
"428"	10	53	78	6	12	1	5	846.73425896	1049.10598404	10	9001	11	250	3	12	1	1	250	3147317.95	0	405	280.38	685.38
"429"	10	53	78	6	13	1	5	846.73425896	1049.10598404	10	9001	11	550	3	12	1	1	550	6924099.49	0	5032.12	0	5032.12
"430"	10	53	78	6	2	1	5	846.73425896	1049.10598404	10	9001	11	450	2	12	1	1	450	5665172.31	0	1513.83	570.42	2084.24
"431"	10	53	78	6	5	1	5	846.73425896	1049.10598404	10	9001	11	400	2	12	1	1	400	5035708.72	0	843.95	285.07	1129.02
"432"	10	53	79	4	10	1	5	795.91383522	986.13934475	10	9001	11	400	4	12	1	0.99	396	4686134.17	0	1059.53	620.4	1679.93
"433"	10	53	79	4	11	1	5	795.91383522	986.13934475	10	9001	11	280	4	12	1	0.99	277.2	3280293.92	0	1675.05	269.52	1944.57
"434"	10	53	79	4	12	1	5	795.91383522	986.13934475	10	9001	11	300	4	12	1	0.99	297	3514600.62	0	905	297	1202
"435"	10	53	79	4	13	1	5	795.91383522	986.13934475	10	9001	11	400	4	12	1	0.99	396	4686134.17	0	840.65	386.4	1227.05
"436"	10	53	79	4	2	1	5	795.91383522	986.13934475	10	9001	11	250	3	12	1	1	250	2958418.03	0	1022.73	242.02	1264.74
"437"	10	53	79	4	3	1	5	795.91383522	986.13934475	10	9001	11	270	2	12	1	1	270	3195091.48	0	693	287.25	980.25
"438"	10	53	79	4	6	1	5	795.91383522	986.13934475	10	9001	11	300	3	12	1	1	300	3550101.64	0	5616.67	292.08	5908.75
"439"	10	53	79	4	7	1	5	795.91383522	986.13934475	10	9001	11	250	3	12	1	1	250	2958418.03	0	495	260.16	755.16
"440"	10	53	79	4	9	1	5	795.91383522	986.13934475	10	9001	11	300	3	12	1	1	300	3550101.64	0	1238.39	300	1538.39
"441"	10	53	80	8	1	1	5	650.66666667	806.17771915	10	9001	11	280	1	12	1	1	280	2708757.14	0	125	280	405
"442"	10	53	80	8	11	1	5	650.66666667	806.17771915	10	9001	11	250	4	12	1	0.99	247.5	2394347.83	0	1468.11	190.86	1658.97
"443"	10	53	80	8	3	1	5	650.66666667	806.17771915	10	9001	11	250	1	12	1	1	250	2418533.16	0	1900	190	2090
"444"	10	53	80	8	4	1	5	650.66666667	806.17771915	10	9001	11	400	2	12	1	1	400	3869653.05	0	792	400	1192
"445"	10	53	80	8	6	1	5	650.66666667	806.17771915	10	9001	11	400	2	12	1	1	400	3869653.05	0	5880	342.88	6222.88
"446"	10	53	80	8	7	1	5	650.66666667	806.17771915	10	9001	11	500	3	12	1	1	500	4837066.31	0	1200	500	1700
"447"	10	53	80	8	8	1	5	650.66666667	806.17771915	10	9001	11	250	3	12	1	1	250	2418533.16	0	432.4	250	682.4
"448"	10	53	80	8	9	1	5	650.66666667	806.17771915	10	9001	11	500	3	12	1	1	500	4837066.31	0	3304.64	373.28	3677.92
"449"	10	53	81	6	12	1	5	369.51469583	457.82968444	10	9001	11	999999.99	3	12	1	1	255	1400958.83	1	279	333.78	612.78
"450"	10	53	81	6	13	1	5	369.51469583	457.82968444	10	9001	11	600	3	12	1	1	600	3296373.73	0	834.62	490.87	1325.49
"451"	10	53	81	6	14	1	5	369.51469583	457.82968444	10	9001	11	160	3	12	1	1	160	879032.99	0	867.6	0	867.6
"452"	10	53	81	6	15	1	5	369.51469583	457.82968444	10	9001	11	300	3	12	1	1	300	1648186.86	0	460	302.98	762.98
"453"	10	53	81	6	19	1	5	369.51469583	457.82968444	10	9001	11	400	4	12	1	0.99	396	2175606.66	0	1071.53	328.02	1399.55
"454"	10	53	81	6	20	1	5	369.51469583	457.82968444	10	9001	11	600	4	12	1	0.99	594	3263409.99	0	993.18	586.16	1579.34
"455"	10	53	81	6	8	1	5	369.51469583	457.82968444	10	9001	11	999999.99	2	12	1	1	816	4483068.27	1	941	816	1757
"456"	10	53	81	6	9	1	5	369.51469583	457.82968444	10	9001	11	250	3	12	1	1	250	1373489.05	0	480.08	261.59	741.67
"457"	10	53	82	4	2	1	6	1810.10142939	2242.72045355	10	9001	11	700	4	12	1	1.04	728	19592405.88	0	2930	709.1	3639.1
"458"	10	53	82	4	5	1	6	1810.10142939	2242.72045355	10	9001	11	1200	5	12	1	1.03	1236	33264029.77	0	5677.62	1074.09	6751.71
"459"	10	53	82	4	6	1	6	1810.10142939	2242.72045355	10	9001	11	800	5	12	1	1.03	824	22176019.84	0	6673.46	778.49	7451.95
"460"	10	53	82	4	7	1	6	1810.10142939	2242.72045355	10	9001	11	1100	6	12	1	1.02	1122	30195988.19	0	7449.33	1061.92	8511.25
"461"	10	53	82	4	9	1	6	1810.10142939	2242.72045355	10	9001	11	700	6	12	1	1.02	714	19215628.85	0	9472.7	619.33	10092.03
"462"	10	53	83	2	1	1	6	1378.46104651	1707.91687871	10	9001	11	3000	4	12	1	1.04	3120	63944407.94	0	22793.17	1729.37	24522.54
"463"	10	53	83	2	12	1	6	1378.46104651	1707.91687871	10	9001	11	4000	7	12	1	1.02	4080	83619610.38	0	58405.08	3889.95	62295.03
"464"	10	53	83	2	4	1	6	1378.46104651	1707.91687871	10	9001	11	2300	5	12	1	1.03	2369	48552661.03	0	7435	2369	9804
"465"	10	53	83	2	9	1	6	1378.46104651	1707.91687871	10	9001	11	4000	6	12	1	1.02	4080	83619610.38	0	31723.3	3868	35591.3
"466"	10	53	84	0	2	1	6	1584.55320766	1963.2656109	10	9001	11	950	5	12	1	1.03	978.5	23052664.8	0	5578.33	978.5	6556.83
"467"	10	53	84	0	8	1	6	1584.55320766	1963.2656109	10	9001	11	1200	6	12	1	1.02	1224	28836445.29	0	13719.67	1154.67	14874.33
"468"	10	53	85	9	1	1	6	730.40387141	904.97232651	10	9001	11	1300	4	12	1	0.99	1287	13976392.61	0	5947.22	1287	7234.22
"469"	10	53	85	9	8	1	6	730.40387141	904.97232651	10	9001	11	1100	9	12	1	1.02	1122	12184547.4	0	439.9	654	1093.9
"470"	10	53	85	9	9	1	6	730.40387141	904.97232651	10	9001	11	1400	9	12	1	1.02	1428	15507605.79	0	4045.83	909.43	4955.26
"471"	10	53	87	5	10	1	6	619.42137992	767.46472632	10	9001	11	999999.99	10	12	1	1.02	312	2873387.94	1	11550	231.75	11781.75
"472"	10	53	87	5	12	1	6	619.42137992	767.46472632	10	9001	11	999999.99	10	12	1	1.02	816	7515014.6	1	18743.33	579.32	19322.65
"473"	10	53	87	5	6	1	6	619.42137992	767.46472632	10	9001	11	999999.99	8	12	1	1.02	816	7515014.6	1	22750	614.47	23364.47
"474"	10	53	87	5	8	1	6	619.42137992	767.46472632	10	9001	11	2000	9	12	1	1.02	2040	18787536.5	0	10190.44	884.6	11075.04
"475"	10	53	87	5	9	1	6	619.42137992	767.46472632	10	9001	11	3000	9	12	1	1.02	3060	28181304.75	0	14920.47	2891.77	17812.23
"476"	10	53	88	3	11	1	6	1389.93962264	1722.13886486	10	9001	11	1500	1	12	1	1	1500	30998499.57	0	6485	1208.17	7693.17
"477"	10	53	88	3	8	1	6	1389.93962264	1722.13886486	10	9001	11	1500	12	12	1	1	1500	30998499.57	0	12322.5	1808	14130.5
"478"	10	53	89	1	1	1	6	2931.98397535	3632.73589216	10	9001	11	650	11	12	1	1.01	656.5	28618693.36	0	7568.83	535.17	8104
"479"	10	53	90	5	7	1	6	1177.67757576	1459.14562795	10	9001	11	2000	2	12	1	1	2000	35019495.07	0	5400.08	2000	7400.08
"480"	10	53	91	3	10	1	6	669.82740741	829.91792755	10	9001	11	1800	4	12	1	0.99	1782	17746964.96	0	2651.2	1782	4433.2
"481"	10	53	91	3	2	1	6	669.82740741	829.91792755	10	9001	11	1500	2	12	1	1	1500	14938522.7	0	9623.6	1500	11123.6
"482"	10	53	91	3	6	1	6	669.82740741	829.91792755	10	9001	11	2000	2	12	1	1	2000	19918030.26	0	5584.43	1568.89	7153.32
"483"	10	53	91	3	7	1	6	669.82740741	829.91792755	10	9001	11	999999.99	3	12	1	1	612	6094917.26	1	1114.95	612	1726.95
"484"	10	53	92	1	1	1	6	553.89327389	686.27522981	10	9001	11	600	2	12	1	1	600	4941181.65	0	1475.1	600	2075.1
"485"	10	53	92	1	11	1	6	553.89327389	686.27522981	10	9001	11	1100	4	12	1	0.99	1089	8968244.7	0	4657.6	1275	5932.6
"486"	10	53	92	1	2	1	6	553.89327389	686.27522981	10	9001	11	800	2	6	1	1	800	3294121.1	0	2259.05	689.58	2948.63
"487"	10	53	92	1	4	1	6	553.89327389	686.27522981	10	9001	11	999999.99	2	12	1	1	204	1680001.76	1	924.42	204	1128.42
"488"	10	53	92	1	5	1	6	553.89327389	686.27522981	10	9001	11	800	2	12	1	1	800	6588242.21	0	380.42	800	1180.42
"489"	10	53	92	1	7	1	6	553.89327389	686.27522981	10	9001	11	1300	3	12	1	1	1300	10705893.59	0	7638.28	1211	8849.28
"490"	10	53	92	1	9	1	6	553.89327389	686.27522981	10	9001	11	1200	3	12	1	1	1200	9882363.31	0	6967.07	1200	8167.07
"491"	10	53	93	0	4	1	7	1700.67112445	2107.1360166	10	9001	11	999999.99	5	12	1	1.03	693	17522943.11	1	31723.3	410.67	32133.96
"492"	10	53	94	8	1	1	7	1387.47079646	1719.0799827	10	9001	11	3500	4	12	1	0.99	3465	71479345.68	0	20415.5	2308.2	22723.7
"493"	10	53	94	8	10	1	7	1387.47079646	1719.0799827	10	9001	11	4000	6	12	1	1.02	4080	84166155.95	0	15236.67	3418.05	18654.72
"494"	10	53	94	8	12	1	7	1387.47079646	1719.0799827	10	9001	11	999999.99	7	12	1	1.02	816	16833231.19	1	30458.33	816	31274.33
"495"	10	53	94	8	3	1	7	1387.47079646	1719.0799827	10	9001	11	5000	5	12	1	1.03	5150	106239142.93	0	13391.17	4970	18361.17
"496"	10	53	94	8	5	1	7	1387.47079646	1719.0799827	10	9001	11	3000	5	12	1	1.03	3090	63743485.76	0	26194.98	3090	29284.98
"497"	10	53	95	6	3	1	7	1027.13746489	1272.62603283	10	9001	11	1500	8	12	1	1.02	1530	23365413.96	0	22484.68	1294.05	23778.73
"498"	10	53	95	6	8	1	7	1027.13746489	1272.62603283	10	9001	11	2000	9	12	1	1.02	2040	31153885.28	0	7432	1921.55	9353.55
"499"	10	53	95	6	9	1	7	1027.13746489	1272.62603283	10	9001	11	2500	9	12	1	1.02	2550	38942356.6	0	18526.96	2421.25	20948.21
"500"	10	53	96	4	1	1	7	736.28976744	912.26496724	10	9001	11	2300	7	12	1	1.02	2346	25682083.36	0	2785.11	2346	5131.11
"501"	10	53	96	4	12	1	7	736.28976744	912.26496724	10	9001	11	999999.99	9	12	1	1.02	816	8932898.56	1	4956.25	816	5772.25
"502"	10	53	96	4	3	1	7	736.28976744	912.26496724	10	9001	11	2500	7	12	1	1.02	2550	27915308	0	5534.53	2648.36	8182.89
"503"	10	53	96	4	4	1	7	736.28976744	912.26496724	10	9001	11	3000	7	12	1	1.02	3060	33498369.6	0	10824.46	2897.59	13722.04
"504"	10	53	96	4	8	1	7	736.28976744	912.26496724	10	9001	11	5000	8	11	1	1.02	5100	51178064.66	0	138.33	4577.61	4715.94
"505"	10	53	97	2	11	1	7	1356.640625	1680.88131881	10	9001	11	999999.99	1	12	1	1	408	8229594.94	1	3500	326.1	3826.1
"506"	10	53	97	2	13	1	7	1356.640625	1680.88131881	10	9001	11	800	1	12	1	1	800	16136460.66	0	7416	806.87	8222.87
"507"	10	53	97	2	5	1	7	1356.640625	1680.88131881	10	9001	11	700	12	12	1	1	700	14119403.08	0	3503.33	679.84	4183.18
"508"	10	53	97	2	7	1	7	1356.640625	1680.88131881	10	9001	11	800	12	12	1	1	800	16136460.66	0	19829	759.83	20588.83
"509"	10	53	98	0	1	1	7	1465.0974026	1815.25955281	10	9001	11	200	11	12	1	1.01	202	4400189.16	0	925.15	207.05	1132.2
"510"	10	53	98	0	11	1	7	1465.0974026	1815.25955281	10	9001	11	2000	1	12	1	1	2000	43566229.27	0	10283.31	2000	12283.31
"511"	10	53	98	0	7	1	7	1465.0974026	1815.25955281	10	9001	11	600	12	12	1	1	600	13069868.78	0	1575	608.08	2183.08
"512"	10	53	98	0	8	1	7	1465.0974026	1815.25955281	10	9001	11	1100	12	12	1	1	1100	23961426.1	0	1288.58	828.75	2117.33
"513"	10	53	99	9	13	1	7	1228.14556962	1521.67560569	10	9001	11	1200	4	12	1	0.99	1188	21693007.43	0	8417.77	639.5	9057.27
"514"	10	53	99	9	3	1	7	1228.14556962	1521.67560569	10	9001	11	2700	2	12	1	1	2700	49302289.62	0	9470.67	1890.1	11360.77
"515"	10	53	99	9	9	1	7	1228.14556962	1521.67560569	10	9001	11	350	3	12	1	1	350	6391037.54	0	2628.5	339.36	2967.86
"516"	10	53	100	6	1	1	7	194.32746362	240.77224087	10	9001	11	500	1	12	1	1	500	1444633.45	0	1930	785.16	2715.16
"517"	10	53	100	6	10	1	7	194.32746362	240.77224087	10	9001	11	350	3	12	1	1	350	1011243.41	0	916.67	350	1266.67
"518"	10	53	100	6	11	1	7	194.32746362	240.77224087	10	9001	11	300	3	12	1	1	300	866780.07	0	57.92	137.23	195.15
"519"	10	53	100	6	12	1	7	194.32746362	240.77224087	10	9001	11	300	3	12	1	1	300	866780.07	0	400	47.5	447.5
"520"	10	53	100	6	13	1	7	194.32746362	240.77224087	10	9001	11	300	4	12	1	0.99	297	858112.27	0	2308.46	180.85	2489.31
"521"	10	53	100	6	15	1	7	194.32746362	240.77224087	10	9001	11	400	4	12	1	0.99	396	1144149.69	0	520.91	271.86	792.76
"522"	10	53	100	6	5	1	7	194.32746362	240.77224087	10	9001	11	999999.99	2	8	1	1	300	577853.38	1	1123.25	200	1323.25
"523"	10	53	101	4	1	1	8	205.68568122	254.84510248	10	9001	11	999999.99	2	12	1	1	180	550465.42	1	729.48	180	909.48
"524"	10	53	101	4	10	1	8	205.68568122	254.84510248	10	9001	11	999999.99	2	12	1	1	250	764535.31	1	445.5	286.64	732.14
"525"	10	53	101	4	11	1	8	205.68568122	254.84510248	10	9001	11	999999.99	2	12	1	1	180	550465.42	1	1052.23	180	1232.23
"526"	10	53	101	4	12	1	8	205.68568122	254.84510248	10	9001	11	150	2	12	1	1	150	458721.18	0	884.58	0	884.58
"527"	10	53	101	4	13	1	8	205.68568122	254.84510248	10	9001	11	999999.99	3	12	1	1	180	550465.42	1	940.89	191.78	1132.68
"528"	10	53	101	4	14	1	8	205.68568122	254.84510248	10	9001	11	300	3	12	1	1	300	917442.37	0	626.33	370	996.33
"529"	10	53	101	4	15	1	8	205.68568122	254.84510248	10	9001	11	600	3	12	1	1	600	1834884.74	0	742.5	842.13	1584.63
"530"	10	53	101	4	16	1	8	205.68568122	254.84510248	10	9001	11	180	3	12	1	1	180	550465.42	0	1791.56	197	1988.56
"531"	10	53	101	4	17	1	8	205.68568122	254.84510248	10	9001	11	465	4	12	1	0.99	460.35	1407815.32	0	1822.5	474.22	2296.72
"532"	10	53	101	4	18	1	8	205.68568122	254.84510248	10	9001	11	300	4	12	1	0.99	297	908267.95	0	541.06	297	838.06
"533"	10	53	101	4	3	1	8	205.68568122	254.84510248	10	9001	11	300	2	12	1	1	300	917442.37	0	757.62	300	1057.62
"534"	10	53	101	4	4	1	8	205.68568122	254.84510248	10	9001	11	250	2	12	1	1	250	764535.31	0	1355.23	294.75	1649.98
"535"	10	53	101	4	5	1	8	205.68568122	254.84510248	10	9001	11	200	2	12	1	1	200	611628.25	0	734.77	221.21	955.97
"536"	10	53	101	4	6	1	8	205.68568122	254.84510248	10	9001	11	200	2	12	1	1	200	611628.25	0	1287.35	267.3	1554.65
"537"	10	53	101	4	7	1	8	205.68568122	254.84510248	10	9001	11	200	2	12	1	1	200	611628.25	0	996	204.14	1200.14
"538"	10	53	101	4	8	1	8	205.68568122	254.84510248	10	9001	11	500	2	12	1	1	500	1529070.61	0	2713.85	2520.47	5234.32
"539"	10	53	101	4	9	1	8	205.68568122	254.84510248	10	9001	11	100	2	12	1	1	100	305814.12	0	1386	215	1601
"540"	10	53	102	2	1	1	8	299.00264633	370.46506881	10	9001	11	150	4	12	1	1.04	156	693510.61	0	3247.08	149.4	3396.48
"541"	10	53	102	2	10	1	8	299.00264633	370.46506881	10	9001	11	250	6	12	1	1.02	255	1133623.11	0	863.44	264.79	1128.23
"542"	10	53	102	2	11	1	8	299.00264633	370.46506881	10	9001	11	300	6	12	1	1.02	306	1360347.73	0	1395.83	322.75	1718.58
"543"	10	53	102	2	12	1	8	299.00264633	370.46506881	10	9001	11	400	6	12	1	1.02	408	1813796.98	0	1540.51	478.05	2018.56
"544"	10	53	102	2	14	1	8	299.00264633	370.46506881	10	9001	11	300	6	12	1	1.02	306	1360347.73	0	1155	49.27	1204.27
"545"	10	53	102	2	15	1	8	299.00264633	370.46506881	10	9001	11	300	6	12	1	1.02	306	1360347.73	0	989.47	291.79	1281.25
"546"	10	53	102	2	3	1	8	299.00264633	370.46506881	10	9001	11	300	4	12	1	1.04	312	1387021.22	0	963.78	317.55	1281.33
"547"	10	53	102	2	6	1	8	299.00264633	370.46506881	10	9001	11	300	5	12	1	1.03	309	1373684.48	0	13264.53	356.46	13620.98
"548"	10	53	102	2	8	1	8	299.00264633	370.46506881	10	9001	11	300	5	12	1	1.03	309	1373684.48	0	981.27	0	981.27
"549"	10	53	103	0	1	1	8	183.33668934	227.15464249	10	9001	11	1300	5	12	1	1.03	1339	3649920.8	0	18360.11	526.73	18886.84
"550"	10	53	103	0	14	1	8	183.33668934	227.15464249	10	9001	11	3500	6	12	1	1.02	3570	9731304.88	0	824	2924.75	3748.75
"551"	10	53	103	0	15	1	8	183.33668934	227.15464249	10	9001	11	999999.99	7	12	1	1.02	1236	3369157.66	1	17788	1426.24	19214.24
"552"	10	53	103	0	16	1	8	183.33668934	227.15464249	10	9001	11	3000	7	12	1	1.02	3060	8341118.47	0	1760.77	2973	4733.77
"553"	10	53	103	0	17	1	8	183.33668934	227.15464249	10	9001	11	2800	7	12	1	1.02	2856	7785043.91	0	65544.47	2887.45	68431.92
"554"	10	53	103	0	2	1	8	183.33668934	227.15464249	10	9001	11	1200	5	12	1	1.03	1236	3369157.66	0	14843.25	995.55	15838.8
"555"	10	53	103	0	3	1	8	183.33668934	227.15464249	10	9001	11	3000	5	12	1	1.03	3090	8422894.14	0	10811.55	1602.97	12414.52
"556"	10	53	103	0	4	1	8	183.33668934	227.15464249	10	9001	11	4000	5	12	1	1.03	4120	11230525.52	0	30905.83	4187.33	35093.17
"557"	10	53	103	0	6	1	8	183.33668934	227.15464249	10	9001	11	4000	5	12	1	1.03	4120	11230525.52	0	40207.48	4022.67	44230.15
"558"	10	53	103	0	7	1	8	183.33668934	227.15464249	10	9001	11	2500	5	12	1	1.03	2575	7019078.45	0	25355.82	1264.3	26620.12
"559"	10	53	103	0	8	1	8	183.33668934	227.15464249	10	9001	11	999999.99	5	12	1	1.03	300	817756.71	1	12381.82	350.95	12732.78
"560"	10	53	104	9	1	1	8	144.61737723	179.18131248	10	9001	11	100	7	12	1	1.02	102	219317.93	0	1721.2	76.44	1797.64
"561"	10	53	104	9	10	1	8	144.61737723	179.18131248	10	9001	11	300	9	12	1	1.02	306	657953.78	0	6947.69	306	7253.69
"562"	10	53	104	9	11	1	8	144.61737723	179.18131248	10	9001	11	999999.99	8	12	1	1.02	153	328976.89	1	3269.22	153	3422.22
"563"	10	53	104	9	12	1	8	144.61737723	179.18131248	10	9001	11	999999.99	8	12	1	1.02	153	328976.89	1	449	138.87	587.87
"564"	10	53	104	9	13	1	8	144.61737723	179.18131248	10	9001	11	400	9	12	1	1.02	408	877271.71	0	1453.88	421.87	1875.74
"565"	10	53	104	9	14	1	8	144.61737723	179.18131248	10	9001	11	150	9	12	1	1.02	153	328976.89	0	235.31	169.77	405.09
"566"	10	53	104	9	15	1	8	144.61737723	179.18131248	10	9001	11	50	9	12	1	1.02	51	109658.96	0	0	54.93	54.93
"567"	10	53	104	9	17	1	8	144.61737723	179.18131248	10	9001	11	250	10	12	1	1.02	255	548294.82	0	737.97	255	992.97
"568"	10	53	104	9	18	1	8	144.61737723	179.18131248	10	9001	11	200	10	12	1	1.02	204	438635.85	0	835.72	752.33	1588.05
"569"	10	53	104	9	19	1	8	144.61737723	179.18131248	10	9001	11	999999.99	10	12	1	1.02	250	537543.94	1	748.85	300.7	1049.55
"570"	10	53	104	9	2	1	8	144.61737723	179.18131248	10	9001	11	2000	7	12	1	1.02	2040	4386358.53	0	9795	653.33	10448.33
"571"	10	53	104	9	20	1	8	144.61737723	179.18131248	10	9001	11	100	10	12	1	1.02	102	219317.93	0	934.87	105.43	1040.3
"572"	10	53	104	9	4	1	8	144.61737723	179.18131248	10	9001	11	200	7	12	1	1.02	204	438635.85	0	261.6	205.75	467.35
"573"	10	53	104	9	6	1	8	144.61737723	179.18131248	10	9001	11	999999.99	8	12	1	1.02	180	387031.63	1	1504.17	180	1684.17
"574"	10	53	104	9	7	1	8	144.61737723	179.18131248	10	9001	11	300	8	12	1	1.02	306	657953.78	0	2581.77	306	2887.77
"575"	10	53	104	9	8	1	8	144.61737723	179.18131248	10	9001	11	999999.99	8	12	1	1.02	156	335427.42	1	2367.13	156	2523.13
"576"	10	53	105	7	1	1	8	103.06502101	127.69783334	10	9001	11	200	7	12	1	1.02	204	312604.3	0	1470	13.78	1483.78
"577"	10	53	105	7	10	1	8	103.06502101	127.69783334	10	9001	11	999999.99	8	12	1	1.02	306	468906.44	1	126	306	432
"578"	10	53	105	7	11	1	8	103.06502101	127.69783334	10	9001	11	150	8	12	1	1.02	153	234453.22	0	495.03	153	648.03
"579"	10	53	105	7	13	1	8	103.06502101	127.69783334	10	9001	11	230	9	12	1	1.02	234.6	359494.94	0	1129.5	234.6	1364.1
"580"	10	53	105	7	14	1	8	103.06502101	127.69783334	10	9001	11	100	9	12	1	1.02	102	156302.15	0	293.48	26.17	319.65
"581"	10	53	105	7	15	1	8	103.06502101	127.69783334	10	9001	11	259	9	12	1	1.02	264.18	404822.56	0	1404.78	264.18	1668.96
"582"	10	53	105	7	16	1	8	103.06502101	127.69783334	10	9001	11	200	9	12	1	1.02	204	312604.3	0	1711.79	204	1915.79
"583"	10	53	105	7	18	1	8	103.06502101	127.69783334	10	9001	11	200	10	12	1	1.02	204	312604.3	0	1828.5	920.39	2748.89
"584"	10	53	105	7	2	1	8	103.06502101	127.69783334	10	9001	11	150	7	8	1	1.02	153	156302.15	0	350	119	469
"585"	10	53	105	7	3	1	8	103.06502101	127.69783334	10	9001	11	1000	7	12	1	1.02	1020	1563021.48	0	3845.83	1074.67	4920.5
"586"	10	53	105	7	4	1	8	103.06502101	127.69783334	10	9001	11	200	8	12	1	1.02	204	312604.3	0	1010.25	238.81	1249.06
"587"	10	53	105	7	6	1	8	103.06502101	127.69783334	10	9001	11	200	8	12	1	1.02	204	312604.3	0	717.79	266.04	983.83
"588"	10	53	105	7	7	1	8	103.06502101	127.69783334	10	9001	11	999999.99	8	12	1	1.02	153	234453.22	1	1927.37	17	1944.37
"589"	10	53	105	7	8	1	8	103.06502101	127.69783334	10	9001	11	1000	8	12	1	1.02	1020	1563021.48	0	4533.42	1053.33	5586.75
"590"	10	53	106	5	10	1	8	64.05812713	79.36818877	10	9001	11	350	8	12	1	1.02	357	340013.32	0	1721.2	344.9	2066.09
"591"	10	53	106	5	11	1	8	64.05812713	79.36818877	10	9001	11	350	8	12	1	1.02	357	340013.32	0	3378.33	125.07	3503.4
"592"	10	53	106	5	13	1	8	64.05812713	79.36818877	10	9001	11	500	9	12	1	1.02	510	485733.32	0	103.75	512.02	615.77
"593"	10	53	106	5	17	1	8	64.05812713	79.36818877	10	9001	11	200	9	12	1	1.02	204	194293.33	0	1680.93	204	1884.93
"594"	10	53	106	5	18	1	8	64.05812713	79.36818877	10	9001	11	600	9	12	1	1.02	612	582879.98	0	2749	612	3361
"595"	10	53	106	5	2	1	8	64.05812713	79.36818877	10	9001	11	250	7	12	1	1.02	255	242866.66	0	1927.37	236.98	2164.34
"596"	10	53	106	5	21	1	8	64.05812713	79.36818877	10	9001	11	300	10	12	1	1.02	306	291439.99	0	1078.95	266.86	1345.81
"597"	10	53	106	5	4	1	8	64.05812713	79.36818877	10	9001	11	150	7	12	1	1.02	153	145719.99	0	3664.55	95.64	3760.19
"598"	10	53	106	5	6	1	8	64.05812713	79.36818877	10	9001	11	350	8	12	1	1.02	357	340013.32	0	774.75	388.67	1163.42
"599"	10	53	106	5	9	1	8	64.05812713	79.36818877	10	9001	11	250	8	12	1	1.02	255	242866.66	0	1325.69	434.87	1760.56
"600"	10	53	107	3	10	1	8	300.17296114	371.91509195	10	9001	11	230	9	12	1	1.02	234.6	1047015.37	0	1603.51	234.6	1838.11
"601"	10	53	107	3	11	1	8	300.17296114	371.91509195	10	9001	11	250	9	12	1	1.02	255	1138060.18	0	1446.35	279.42	1725.77
"602"	10	53	107	3	14	1	8	300.17296114	371.91509195	10	9001	11	350	9	12	1	1.02	357	1593284.25	0	2434.5	509.61	2944.11
"603"	10	53	107	3	15	1	8	300.17296114	371.91509195	10	9001	11	999999.99	9	12	1	1.02	180	803336.6	1	1262.5	180	1442.5
"604"	10	53	107	3	17	1	8	300.17296114	371.91509195	10	9001	11	200	10	12	1	1.02	204	910448.15	0	959.53	186.83	1146.37
"605"	10	53	107	3	3	1	8	300.17296114	371.91509195	10	9001	11	999999.99	7	12	1	1.02	300	1338894.33	1	1675.23	300	1975.23
"606"	10	53	107	3	6	1	8	300.17296114	371.91509195	10	9001	11	180	8	12	1	1.02	183.6	819403.33	0	2348.43	183.6	2532.03
"607"	10	53	107	3	8	1	8	300.17296114	371.91509195	10	9001	11	200	8	12	1	1.02	204	910448.15	0	580.25	204	784.25
"608"	10	53	108	1	1	1	8	206.01719293	255.25584637	10	9001	11	250	11	12	1	1.01	252.5	773425.21	0	295.5	253.8	549.3
"609"	10	53	108	1	10	1	8	206.01719293	255.25584637	10	9001	11	2000	12	12	1	1	2000	6126140.31	0	10142.31	2000	12142.31
"610"	10	53	108	1	11	1	8	206.01719293	255.25584637	10	9001	11	999999.99	12	12	1	1	300	918921.05	1	1801.1	0	1801.1
"611"	10	53	108	1	13	1	8	206.01719293	255.25584637	10	9001	11	500	12	12	1	1	500	1531535.08	0	8245.5	347.8	8593.3
"612"	10	53	108	1	14	1	8	206.01719293	255.25584637	10	9001	11	200	1	12	1	1	200	612614.03	0	668	200	868
"613"	10	53	108	1	15	1	8	206.01719293	255.25584637	10	9001	11	999999.99	1	12	1	1	150	459460.52	1	1174.13	711.21	1885.34
"614"	10	53	108	1	17	1	8	206.01719293	255.25584637	10	9001	11	400	1	12	1	1	400	1225228.06	0	1641.65	419.38	2061.03
"615"	10	53	108	1	18	1	8	206.01719293	255.25584637	10	9001	11	150	1	12	1	1	150	459460.52	0	865.28	180	1045.28
"616"	10	53	108	1	2	1	8	206.01719293	255.25584637	10	9001	11	999999.99	11	12	1	1.01	204	624866.31	1	2063.08	204	2267.08
"617"	10	53	108	1	6	1	8	206.01719293	255.25584637	10	9001	11	300	11	12	1	1.01	303	928110.26	0	10325.5	385.52	10711.02
"618"	10	53	108	1	7	1	8	206.01719293	255.25584637	10	9001	11	4000	11	12	1	1.01	4040	12374803.43	0	2120	4040	6160
"619"	10	53	108	1	8	1	8	206.01719293	255.25584637	10	9001	11	1000	11	12	1	1.01	1010	3093700.86	0	5924.39	1010	6934.39
"620"	10	53	108	1	9	1	8	206.01719293	255.25584637	10	9001	11	600	11	12	1	1.01	606	1856220.51	0	3609.55	339	3948.55
"621"	10	53	109	0	1	1	8	449.36856996	556.76884547	10	9001	11	999999.99	11	12	1	1.01	51	340742.53	1	5.3	349.4	354.7
"622"	10	53	109	0	10	1	8	449.36856996	556.76884547	10	9001	11	999999.99	12	12	1	1	180	1202620.71	1	926.05	180	1106.05
"623"	10	53	109	0	13	1	8	449.36856996	556.76884547	10	9001	11	150	12	6	1	1	150	501091.96	0	315	250.4	565.4
"624"	10	53	109	0	14	1	8	449.36856996	556.76884547	10	9001	11	150	12	12	1	1	150	1002183.92	0	908.85	150	1058.85
"625"	10	53	109	0	15	1	8	449.36856996	556.76884547	10	9001	11	100	12	12	1	1	100	668122.61	0	206	108.33	314.33
"626"	10	53	109	0	17	1	8	449.36856996	556.76884547	10	9001	11	600	12	12	1	1	600	4008735.69	0	782.5	605.1	1387.6
"627"	10	53	109	0	18	1	8	449.36856996	556.76884547	10	9001	11	999999.99	1	12	1	1	600	4008735.69	1	865.28	605.15	1470.43
"628"	10	53	109	0	19	1	8	449.36856996	556.76884547	10	9001	11	150	12	12	1	1	150	1002183.92	0	608.75	201.03	809.78
"629"	10	53	109	0	2	1	8	449.36856996	556.76884547	10	9001	11	999999.99	11	12	1	1.01	150	1002183.92	1	118.37	595.69	714.06
"630"	10	53	109	0	20	1	8	449.36856996	556.76884547	10	9001	11	180	12	12	1	1	180	1202620.71	0	908.85	180	1088.85
"631"	10	53	109	0	21	1	8	449.36856996	556.76884547	10	9001	11	999999.99	1	12	1	1	150	1002183.92	1	132.13	210.35	342.48
"632"	10	53	109	0	23	1	8	449.36856996	556.76884547	10	9001	11	200	1	12	1	1	200	1336245.23	0	526.5	355.7	882.2
"633"	10	53	109	0	24	1	8	449.36856996	556.76884547	10	9001	11	150	1	12	1	1	150	1002183.92	0	6466.01	163.48	6629.48
"634"	10	53	109	0	26	1	8	449.36856996	556.76884547	10	9001	11	250	1	12	1	1	250	1670306.54	0	2606.9	319.73	2926.63
"635"	10	53	109	0	5	1	8	449.36856996	556.76884547	10	9001	11	999999.99	11	12	1	1.01	150	1002183.92	1	1880.17	360.5	2240.67
"636"	10	53	109	0	6	1	8	449.36856996	556.76884547	10	9001	11	999999.99	11	12	1	1.01	51	340742.53	1	5.87	57.8	63.67
"637"	10	53	109	0	7	1	8	449.36856996	556.76884547	10	9001	11	999999.99	11	12	1	1.01	204	1362970.13	1	6385.73	204	6589.73
"638"	10	53	109	0	9	1	8	449.36856996	556.76884547	10	9001	11	999999.99	12	12	1	1	180	1202620.71	1	581.65	236.11	817.76
"639"	10	53	110	3	10	1	8	150.98760263	187.07403859	10	9001	11	200	6	6	1	1.02	204	228978.62	0	444.05	102	546.05
"640"	10	53	110	3	11	1	8	150.98760263	187.07403859	10	9001	11	150	6	12	1	1.02	153	343467.93	0	460.1	153	613.1
"641"	10	53	110	3	13	1	8	150.98760263	187.07403859	10	9001	11	250	6	12	1	1.02	255	572446.56	0	1841.33	274.07	2115.4
"642"	10	53	110	3	14	1	8	150.98760263	187.07403859	10	9001	11	350	6	12	1	1.02	357	801425.18	0	2149.25	365.75	2515
"643"	10	53	110	3	15	1	8	150.98760263	187.07403859	10	9001	11	999999.99	7	12	1	1.02	600	1346933.08	1	3289.04	617.17	3906.21
"644"	10	53	110	3	16	1	8	150.98760263	187.07403859	10	9001	11	170	7	12	1	1.02	173.4	389263.66	0	546.96	108.6	655.56
"645"	10	53	110	3	18	1	8	150.98760263	187.07403859	10	9001	11	300	7	12	1	1.02	306	686935.87	0	6727.97	336.65	7064.63
"646"	10	53	110	3	2	1	8	150.98760263	187.07403859	10	9001	11	200	5	12	1	1.03	206	462447.02	0	1034.87	206	1240.87
"647"	10	53	110	3	3	1	8	150.98760263	187.07403859	10	9001	11	150	5	12	1	1.03	154.5	346835.27	0	880	154.5	1034.5
"648"	10	53	110	3	4	1	8	150.98760263	187.07403859	10	9001	11	999999.99	5	12	1	1.03	180	404079.92	1	636	298.77	934.77
"649"	10	53	110	3	5	1	8	150.98760263	187.07403859	10	9001	11	150	5	12	1	1.03	154.5	346835.27	0	456.5	154.5	611
"650"	10	53	110	3	6	1	8	150.98760263	187.07403859	10	9001	11	250	5	12	1	1.03	257.5	578058.78	0	306.38	270	576.38
"651"	10	53	110	3	8	1	8	150.98760263	187.07403859	10	9001	11	300	5	12	1	1.03	309	693670.54	0	3569.63	317.41	3887.04
"652"	10	53	111	1	1	1	8	255.16609589	316.15146699	10	9001	11	999999.99	11	12	1	1.01	408	1547877.58	1	551.4	425.67	977.07
"653"	10	53	111	1	10	1	8	255.16609589	316.15146699	10	9001	11	250	12	12	1	1	250	948454.4	0	1966.61	274.07	2240.67
"654"	10	53	111	1	11	1	8	255.16609589	316.15146699	10	9001	11	200	12	12	1	1	200	758763.52	0	900.55	410.3	1310.85
"655"	10	53	111	1	13	1	8	255.16609589	316.15146699	10	9001	11	600	12	12	1	1	600	2276290.56	0	8353	600	8953
"656"	10	53	111	1	14	1	8	255.16609589	316.15146699	10	9001	11	999999.99	1	12	1	1	250	948454.4	1	450.28	250	700.28
"657"	10	53	111	1	17	1	8	255.16609589	316.15146699	10	9001	11	250	1	12	1	1	250	948454.4	0	1615.55	305.22	1920.77
"658"	10	53	111	1	2	1	8	255.16609589	316.15146699	10	9001	11	999999.99	11	12	1	1.01	51	193484.7	1	60	68.22	128.22
"659"	10	53	111	1	3	1	8	255.16609589	316.15146699	10	9001	11	999999.99	11	12	1	1.01	156	591835.55	1	17845.4	0	17845.4
"660"	10	53	111	1	4	1	8	255.16609589	316.15146699	10	9001	11	600	11	12	1	1.01	606	2299053.47	0	1622.79	925.03	2547.82
"661"	10	53	111	1	6	1	8	255.16609589	316.15146699	10	9001	11	999999.99	11	12	1	1.01	255	967423.49	1	681.45	333.77	1015.22
"662"	10	53	111	1	8	1	8	255.16609589	316.15146699	10	9001	11	500	11	12	1	1.01	505	1915877.89	0	323.87	526.88	850.75
"663"	10	53	111	1	9	1	8	255.16609589	316.15146699	10	9001	11	150	12	12	1	1	150	569072.64	0	454.43	162	616.43
"664"	10	53	112	0	1	1	8	32.4186874	40.16683934	10	9001	11	450	1	12	1	1	450	216900.93	0	370	657.86	1027.86
"665"	10	53	112	0	12	1	8	32.4186874	40.16683934	10	9001	11	250	3	12	1	1	250	120500.52	0	2192.67	0	2192.67
"666"	10	53	112	0	14	1	8	32.4186874	40.16683934	10	9001	11	300	3	12	1	1	300	144600.62	0	894.33	373.89	1268.23
"667"	10	53	112	0	15	1	8	32.4186874	40.16683934	10	9001	11	465	3	12	1	1	465	224130.96	0	954.24	9	963.24
"668"	10	53	112	0	16	1	8	32.4186874	40.16683934	10	9001	11	350	3	12	1	1	350	168700.73	0	4957.42	593.74	5551.16
"669"	10	53	112	0	17	1	8	32.4186874	40.16683934	10	9001	11	300	4	12	1	0.99	297	143154.62	0	1108.46	635.25	1743.71
"670"	10	53	112	0	3	1	8	32.4186874	40.16683934	10	9001	11	500	1	12	1	1	500	241001.04	0	2597.42	495	3092.42
"671"	10	53	112	0	4	1	8	32.4186874	40.16683934	10	9001	11	350	2	12	1	1	350	168700.73	0	2754.38	361.16	3115.53
"672"	10	53	112	0	5	1	8	32.4186874	40.16683934	10	9001	11	300	2	12	1	1	300	144600.62	0	485.65	441.77	927.42
"673"	10	53	112	0	6	1	8	32.4186874	40.16683934	10	9001	11	999999.99	2	12	1	1	200	96400.41	1	672.25	200	872.25
"674"	10	53	112	0	7	1	8	32.4186874	40.16683934	10	9001	11	200	2	12	1	1	200	96400.41	0	2159.74	238.89	2398.63
"675"	10	53	112	0	8	1	8	32.4186874	40.16683934	10	9001	11	350	2	12	1	1	350	168700.73	0	2029.7	350	2379.7
"676"	10	53	112	0	9	1	8	32.4186874	40.16683934	10	9001	11	300	3	12	1	1	300	144600.62	0	4497.75	34.67	4532.42
"677"	10	53	113	8	1	1	8	130.83290562	162.10231574	10	9001	11	999999.99	2	12	1	1	306	595239.7	1	33.33	306	339.33
"678"	10	53	113	8	10	1	8	130.83290562	162.10231574	10	9001	11	400	3	12	1	1	400	778091.12	0	16.67	400	416.67
"679"	10	53	113	8	11	1	8	130.83290562	162.10231574	10	9001	11	80	3	12	1	1	80	155618.22	0	1515.83	28.85	1544.68
"680"	10	53	113	8	12	1	8	130.83290562	162.10231574	10	9001	11	150	3	12	1	1	150	291784.17	0	990	150	1140
"681"	10	53	113	8	13	1	8	130.83290562	162.10231574	10	9001	11	150	3	12	1	1	150	291784.17	0	918.75	84	1002.75
"682"	10	53	113	8	14	1	8	130.83290562	162.10231574	10	9001	11	999999.99	3	12	1	1	153	297619.85	1	1509.7	160.84	1670.54
"683"	10	53	113	8	15	1	8	130.83290562	162.10231574	10	9001	11	400	3	12	1	1	400	778091.12	0	1277.6	462.13	1739.73
"684"	10	53	113	8	16	1	8	130.83290562	162.10231574	10	9001	11	100	4	12	1	0.99	99	192577.55	0	1024.98	99	1123.98
"685"	10	53	113	8	17	1	8	130.83290562	162.10231574	10	9001	11	999999.99	4	12	1	0.99	250	486306.95	1	1166.09	250	1416.09
"686"	10	53	113	8	18	1	8	130.83290562	162.10231574	10	9001	11	300	4	12	1	0.99	297	577732.65	0	712.68	297	1009.68
"687"	10	53	113	8	2	1	8	130.83290562	162.10231574	10	9001	11	200	2	12	1	1	200	389045.56	0	642.95	200	842.95
"688"	10	53	113	8	3	1	8	130.83290562	162.10231574	10	9001	11	999999.99	2	12	1	1	460.35	895485.61	1	737.17	460.35	1197.52
"689"	10	53	113	8	4	1	8	130.83290562	162.10231574	10	9001	11	200	2	12	1	1	200	389045.56	0	1103.31	200	1303.31
"690"	10	53	113	8	5	1	8	130.83290562	162.10231574	10	9001	11	300	2	12	1	1	300	583568.34	0	882.61	300	1182.61
"691"	10	53	113	8	6	1	8	130.83290562	162.10231574	10	9001	11	150	2	12	1	1	150	291784.17	0	2407.78	150	2557.78
"692"	10	53	113	8	7	1	8	130.83290562	162.10231574	10	9001	11	150	2	7	1	1	150	170207.43	0	631	118.54	749.54
"693"	10	53	113	8	8	1	8	130.83290562	162.10231574	10	9001	11	100	2	12	1	1	100	194522.78	0	768.12	100	868.12
"694"	10	53	113	8	9	1	8	130.83290562	162.10231574	10	9001	11	170	2	12	1	1	170	330688.72	0	396	410.76	806.76
"695"	10	53	114	6	10	1	8	196.9968254	244.07958716	10	9001	11	999999.99	12	12	1	1	153	448130.12	1	3088.48	93.65	3182.13
"696"	10	53	114	6	14	1	8	196.9968254	244.07958716	10	9001	11	999999.99	12	12	1	1	306	896260.24	1	15725.6	306	16031.6
"697"	10	53	114	6	16	1	8	196.9968254	244.07958716	10	9001	11	2500	1	12	1	1	2500	7322387.61	0	20085.25	2350.07	22435.32
"698"	10	53	114	6	17	1	8	196.9968254	244.07958716	10	9001	11	2500	1	12	1	1	2500	7322387.61	0	11875	2432	14307
"699"	10	53	114	6	18	1	8	196.9968254	244.07958716	10	9001	11	1500	1	12	1	1	1500	4393432.57	0	15999.5	1426.18	17425.68
"700"	10	53	114	6	2	1	8	196.9968254	244.07958716	10	9001	11	999999.99	11	12	1	1.01	300	878686.51	1	10565.83	300	10865.83
"701"	10	53	114	6	4	1	8	196.9968254	244.07958716	10	9001	11	999999.99	11	12	1	1.01	300	878686.51	1	28839.42	276.2	29115.62
"702"	10	53	114	6	7	1	8	196.9968254	244.07958716	10	9001	11	999999.99	11	12	1	1.01	300	878686.51	1	9086.67	238.8	9325.47
"703"	10	53	114	6	8	1	8	196.9968254	244.07958716	10	9001	11	999999.99	11	12	1	1.01	306	896260.24	1	8251.33	2.53	8253.86
"704"	10	53	115	4	1	1	9	46.6252588	57.76881884	10	9001	11	250	4	12	1	1.04	260	180238.71	0	910.58	313.47	1224.06
"705"	10	53	115	4	10	1	9	46.6252588	57.76881884	10	9001	11	600	7	12	1	1.02	612	424254.21	0	18426.08	679.33	19105.41
"706"	10	53	115	4	11	1	9	46.6252588	57.76881884	10	9001	11	999999.99	7	12	1	1.02	200	138645.17	1	1325.69	203.5	1529.19
"707"	10	53	115	4	12	1	9	46.6252588	57.76881884	10	9001	11	1000	8	12	1	1.02	1020	707090.34	0	1877.33	159.75	2037.08
"708"	10	53	115	4	13	1	9	46.6252588	57.76881884	10	9001	11	999999.99	8	12	1	1.02	300	207967.75	1	10612.34	300	10912.34
"709"	10	53	115	4	14	1	9	46.6252588	57.76881884	10	9001	11	250	8	12	1	1.02	255	176772.59	0	959.98	815	1774.98
"710"	10	53	115	4	15	1	9	46.6252588	57.76881884	10	9001	11	999999.99	8	12	1	1.02	153	106063.55	1	24883.04	0	24883.04
"711"	10	53	115	4	17	1	9	46.6252588	57.76881884	10	9001	11	300	9	12	1	1.02	306	212127.1	0	954.9	306	1260.9
"712"	10	53	115	4	2	1	9	46.6252588	57.76881884	10	9001	11	250	5	12	1	1.03	257.5	178505.65	0	1227.76	257.5	1485.26
"713"	10	53	115	4	20	1	9	46.6252588	57.76881884	10	9001	11	275	10	12	1	1.02	280.5	194449.84	0	906	293.7	1199.7
"714"	10	53	115	4	4	1	9	46.6252588	57.76881884	10	9001	11	800	6	12	1	1.02	816	565672.27	0	2860.25	551.23	3411.48
"715"	10	53	115	4	5	1	9	46.6252588	57.76881884	10	9001	11	250	6	12	1	1.02	255	176772.59	0	1276.88	441.64	1718.52
"716"	10	53	115	4	7	1	9	46.6252588	57.76881884	10	9001	11	150	6	12	1	1.02	153	106063.55	0	1490.25	224.5	1714.75
"717"	10	53	115	4	8	1	9	46.6252588	57.76881884	10	9001	11	250	6	12	1	1.02	255	176772.59	0	1637.1	1353.85	2990.94
"718"	10	53	115	4	9	1	9	46.6252588	57.76881884	10	9001	11	500	7	12	1	1.02	510	353545.17	0	1240.18	510	1750.18
"719"	10	53	116	2	1	1	9	47.25517076	58.54928142	10	9001	11	999999.99	11	12	1	1.01	300	210777.41	1	1509.55	0	1509.55
"720"	10	53	116	2	10	1	9	47.25517076	58.54928142	10	9001	11	100	12	6	1	1	100	35129.57	0	210	50	260
"721"	10	53	116	2	11	1	9	47.25517076	58.54928142	10	9001	11	999999.99	12	12	1	1	300	210777.41	1	6736.6	400	7136.6
"722"	10	53	116	2	12	1	9	47.25517076	58.54928142	10	9001	11	100	12	12	1	1	100	70259.14	0	315	147.7	462.7
"723"	10	53	116	2	13	1	9	47.25517076	58.54928142	10	9001	11	999999.99	1	12	1	1	600	421554.83	1	783.63	623.03	1406.65
"724"	10	53	116	2	14	1	9	47.25517076	58.54928142	10	9001	11	999999.99	12	12	1	1	180	126466.45	1	454.43	180	634.43
"725"	10	53	116	2	15	1	9	47.25517076	58.54928142	10	9001	11	120	1	12	1	1	120	84310.97	0	415	209.72	624.72
"726"	10	53	116	2	2	1	9	47.25517076	58.54928142	10	9001	11	200	11	12	1	1.01	202	141923.46	0	1460.54	261.17	1721.7
"727"	10	53	116	2	3	1	9	47.25517076	58.54928142	10	9001	11	150	11	12	1	1.01	151.5	106442.59	0	1212.54	169.83	1382.38
"728"	10	53	116	2	4	1	9	47.25517076	58.54928142	10	9001	11	200	11	12	1	1.01	202	141923.46	0	7753.94	202	7955.94
"729"	10	53	116	2	7	1	9	47.25517076	58.54928142	10	9001	11	200	12	12	1	1	200	140518.28	0	1622.79	218.33	1841.12
"730"	10	53	116	2	9	1	9	47.25517076	58.54928142	10	9001	11	200	12	8	1	1	200	93678.85	0	434.3	137.58	571.88
"731"	10	53	117	0	1	1	9	39.3682963	48.77742313	10	9001	11	600	1	12	1	1	600	351197.45	0	4000	1092.09	5092.09
"732"	10	53	117	0	10	1	9	39.3682963	48.77742313	10	9001	11	200	2	6	1	1	200	58532.91	0	774.68	100	874.68
"733"	10	53	117	0	11	1	9	39.3682963	48.77742313	10	9001	11	500	3	12	1	1	500	292664.54	0	2535.94	612.91	3148.84
"734"	10	53	117	0	12	1	9	39.3682963	48.77742313	10	9001	11	200	3	12	1	1	200	117065.82	0	737.09	200	937.09
"735"	10	53	117	0	13	1	9	39.3682963	48.77742313	10	9001	11	1500	3	12	1	1	1500	877993.62	0	4297	1500	5797
"736"	10	53	117	0	14	1	9	39.3682963	48.77742313	10	9001	11	250	3	12	1	1	250	146332.27	0	1107	511.76	1618.76
"737"	10	53	117	0	15	1	9	39.3682963	48.77742313	10	9001	11	150	3	12	1	1	150	87799.36	0	749.79	176.97	926.77
"738"	10	53	117	0	16	1	9	39.3682963	48.77742313	10	9001	11	300	4	12	1	0.99	297	173842.74	0	707.97	214.87	922.83
"739"	10	53	117	0	17	1	9	39.3682963	48.77742313	10	9001	11	150	4	12	1	0.99	148.5	86921.37	0	570.9	158.03	728.93
"740"	10	53	117	0	18	1	9	39.3682963	48.77742313	10	9001	11	999999.99	4	12	1	0.99	180	105359.23	1	545.72	284.4	830.12
"741"	10	53	117	0	3	1	9	39.3682963	48.77742313	10	9001	11	250	2	12	1	1	250	146332.27	0	554.83	250	804.83
"742"	10	53	117	0	6	1	9	39.3682963	48.77742313	10	9001	11	300	2	12	1	1	300	175598.72	0	953.05	311.67	1264.71
"743"	10	53	117	0	7	1	9	39.3682963	48.77742313	10	9001	11	999999.99	2	6	1	1	200	58532.91	1	225	477.09	702.09
"744"	10	53	117	0	8	1	9	39.3682963	48.77742313	10	9001	11	150	2	12	1	1	150	87799.36	0	1275.68	157.58	1433.26
"745"	10	53	117	0	9	1	9	39.3682963	48.77742313	10	9001	11	150	2	12	1	1	150	87799.36	0	554.5	166.2	720.7
