"tipo_reg"	"cod_uf"	"num_seq"	"num_dv"	"cod_domc"	"num_uc"	"num_ext_renda"	"fator_expansao1"	"fator_expansao2"	"num_quadro"	"cod_item"	"cod_obtencao"	"val_despesa"	"cod_inss"	"val_inss"	"cod_especie"	"mes"	"qtd_meses"	"fator_anual"	"num_deflator"	"val_despesa_corrigido"	"val_inss_corrigido"	"valor_anual_expandido2"	"valor_inss_anual_expandido2"	"cod_imput"	"cod_imput_inss"	"renda_bruta_monetaria"	"renda_bruta_nao_monetaria"	"renda_total"
"1"	9	53	1	8	10	1	1	790.70992149	979.69168189	19	101	1	30	50101	0	3	6	6	1	1.07	32.1	0	188688.62	0	0	0	1635.11	820.21	2455.32
"2"	9	53	1	8	4	1	1	790.70992149	979.69168189	19	101	1	412	50101	999999.99	1	12	12	1	1.12	461.44	36.92	5424827.16	434042.6	0	1	3926.94	27.81	3954.75
"3"	9	53	4	2	2	1	1	1030.08969936	1276.28385915	19	501	1	30	0	0	9	7	12	1	1.05	31.5	0	482435.3	0	3	0	170.13	288.2	458.33
"4"	9	53	6	9	11	1	1	974.80523604	1207.78626303	19	301	1	130	50301	0	3	1	1	1	1	130	0	157012.21	0	0	0	5050	660.92	5710.92
"5"	9	53	6	9	4	1	1	974.80523604	1207.78626303	19	101	1	400	50101	0	3	2	12	1	1	400	0	5797374.06	0	0	0	3792.67	22.19	3814.86
"6"	9	53	7	7	11	1	2	708.30786026	877.59531031	19	301	1	40	50301	0	3	7	6	1	1.05	42	0	221154.02	0	0	0	3998.24	95.64	4093.87
"7"	9	53	7	7	3	1	2	708.30786026	877.59531031	19	101	1	535	50101	87	1	5	12	1	1.08	577.8	93.96	6084894.84	989506.26	0	0	18531.83	1236	19767.83
"8"	9	53	7	7	3	1	2	708.30786026	877.59531031	19	1501	1	200	51501	0	3	5	12	1	1.08	216	0	2274727.04	0	0	0	18531.83	1236	19767.83
"9"	9	53	7	7	6	1	2	708.30786026	877.59531031	19	101	1	250	50101	83	1	5	12	1	1.08	270	89.64	2843408.81	944011.72	0	0	16671.08	739.54	17410.62
"10"	9	53	8	5	2	1	2	806.17718447	998.85566158	19	501	1	30	0	0	9	7	12	1	1.05	31.5	0	377567.44	0	3	0	2379.2	1285.2	3664.4
"11"	9	53	8	5	3	1	2	806.17718447	998.85566158	19	101	1	100	50101	0	3	8	12	1	1.04	104	0	1246571.87	0	0	0	7887.54	2550	10437.54
"12"	9	53	8	5	9	1	2	806.17718447	998.85566158	19	2501	1	500	52501	999999.99	1	10	2	1	1.02	510	40.8	1018832.77	81506.62	0	1	8865.56	3.32	8868.88
"13"	9	53	8	5	9	1	2	806.17718447	998.85566158	19	101	1	600	50101	999999.99	1	10	12	1	1.02	612	48.96	7335595.98	586847.68	0	1	8865.56	3.32	8868.88
"14"	9	53	9	3	9	1	2	1096.01433692	1357.96465926	19	101	1	450	50101	40	1	12	12	1	1.01	454.5	40.4	7406339.25	658341.27	0	0	7143.4	2.6	7146
"15"	9	53	10	7	7	1	2	2697.14328269	3341.76765348	19	101	1	60	50101	999999.99	3	4	12	1	0.97	58.2	4.66	2333890.53	186871.65	0	1	4390.83	1191	5581.83
"16"	9	53	11	5	12	1	2	789.76507937	978.52102	19	101	1	160	50101	0	3	3	12	1	0.99	158.4	0	1859972.75	0	0	0	14550	1670	16220
"17"	9	53	11	5	14	1	2	789.76507937	978.52102	19	101	1	600	50101	100	1	3	12	1	0.99	594	99	6974897.83	1162482.97	0	0	4000	549.76	4549.76
"18"	9	53	11	5	14	1	2	789.76507937	978.52102	19	1101	1	600	51101	100	1	3	12	1	0.99	594	99	6974897.83	1162482.97	0	0	4000	549.76	4549.76
"19"	9	53	11	5	3	1	2	789.76507937	978.52102	19	501	1	40	50501	0	3	1	12	1	1	40	0	469690.09	0	0	0	11357	1931.33	13288.33
"20"	9	53	12	3	16	1	2	547.72313297	678.63040891	19	101	1	600	50101	93	1	3	10	1	0.99	594	92.07	4031064.63	624815.02	0	0	9910.73	1895.49	11806.22
"21"	9	53	12	3	17	1	2	547.72313297	678.63040891	19	101	1	460	50101	999999.99	1	4	2	1	0.97	446.2	35.7	605609.78	48454.21	0	1	7866.27	2145.12	10011.38
"22"	9	53	12	3	2	1	2	547.72313297	678.63040891	19	301	1	400	50301	999999.99	1	1	12	1	1	400	32	3257425.96	260594.08	0	1	1724.03	1861.28	3585.31
"23"	9	53	12	3	20	1	2	547.72313297	678.63040891	19	1501	1	50	51501	0	3	10	3	1	1.02	51	0	103830.45	0	0	0	1200.53	1465.11	2665.64
"24"	9	53	12	3	4	1	2	547.72313297	678.63040891	19	301	1	55	50301	999999.99	3	1	1	1	1	55	4.4	37324.67	2985.97	0	1	1955.75	1395.08	3350.83
"25"	9	53	13	1	5	1	3	597.61338879	740.44456769	19	101	1	450	50101	50	1	12	12	1	1.12	504	56	4478208.75	497578.75	0	0	23101.05	1547.34	24648.39
"26"	9	53	13	1	8	1	3	597.61338879	740.44456769	19	101	1	415	50101	0	1	6	3	1	1.07	444.05	0	986383.23	0	0	0	1503.48	435.47	1938.94
"27"	9	53	14	0	10	1	3	745	923.05696839	19	101	1	500	50101	100	1	6	12	1	1.07	535	107	5926025.74	1185205.15	0	0	18624.41	244.34	18868.75
"28"	9	53	14	0	10	1	3	745	923.05696839	19	301	1	80	50301	0	3	6	12	1	1.07	85.6	0	948164.12	0	0	0	18624.41	244.34	18868.75
"29"	9	53	14	0	12	1	3	745	923.05696839	19	101	1	370	50101	70	1	6	12	1	1.07	395.9	74.9	4385259.05	829643.6	0	0	847.05	257.28	1104.34
"30"	9	53	14	0	5	1	3	745	923.05696839	19	301	1	130	50301	0	3	5	1	1	1.08	140.4	0	129597.2	0	0	0	6110.56	0	6110.56
"31"	9	53	14	0	8	1	3	745	923.05696839	19	101	1	415	50101	0	1	5	4	1	1.08	448.2	0	1654856.53	0	0	0	1075.78	1172.05	2247.83
"32"	9	53	15	8	1	1	3	453.29347319	561.63181095	19	301	1	50	50301	0	3	5	3	1	1.08	54	0	90984.35	0	0	0	1658.82	371.9	2030.71
"33"	9	53	15	8	10	1	3	453.29347319	561.63181095	19	1701	1	100	51701	0	3	7	6	1	1.05	105	0	353828.04	0	0	0	764.78	586.33	1351.11
"34"	9	53	15	8	2	1	3	453.29347319	561.63181095	19	1501	1	120	51501	0	3	5	12	1	1.08	129.6	0	873449.79	0	0	0	5883.78	561.47	6445.24
"35"	9	53	15	8	2	1	3	453.29347319	561.63181095	19	301	1	80	50301	0	3	5	12	1	1.08	86.4	0	582299.86	0	0	0	5883.78	561.47	6445.24
"36"	9	53	15	8	3	1	3	453.29347319	561.63181095	19	301	1	100	50301	0	3	5	2	1	1.08	108	0	121312.47	0	0	0	6092.27	400.41	6492.68
"37"	9	53	15	8	4	1	3	453.29347319	561.63181095	19	1501	1	140	51501	0	3	5	12	1	1.08	151.2	0	1019024.76	0	0	0	11013.07	431.2	11444.27
"38"	9	53	16	6	1	1	3	1044.89207584	1294.62404271	19	101	1	500	50101	0	1	4	7	1	1.09	545	0	4938990.72	0	0	0	3832.5	829.34	4661.84
"39"	9	53	16	6	10	1	3	1044.89207584	1294.62404271	19	101	1	415	50101	83	1	5	12	1	1.08	448.2	89.64	6963005.95	1392601.19	0	0	22906.81	664.28	23571.1
"40"	9	53	16	6	12	1	3	1044.89207584	1294.62404271	19	301	1	45	50301	999999.99	3	2	1	1	1.1	49.5	3.96	64083.89	5126.71	0	1	5461.32	994.63	6455.95
"41"	9	53	16	6	15	1	3	1044.89207584	1294.62404271	19	301	1	360	50301	999999.99	3	6	12	1	1.07	385.2	30.82	5984270.18	478803.76	0	1	6808	569.91	7377.91
"42"	9	53	16	6	2	1	3	1044.89207584	1294.62404271	19	101	1	250	50101	999999.99	3	4	12	1	1.09	272.5	21.8	4233420.62	338673.65	0	1	9300	238.8	9538.8
"43"	9	53	16	6	24	1	3	1044.89207584	1294.62404271	19	1501	1	50	51501	0	3	7	12	1	1.05	52.5	0	815613.15	0	0	0	4755	743.9	5498.9
"44"	9	53	16	6	5	1	3	1044.89207584	1294.62404271	19	101	1	600	0	999999.99	1	6	12	1	1.07	642	51.36	9973783.63	797902.69	2	1	7199.92	0	7199.92
"45"	9	53	16	6	7	1	3	1044.89207584	1294.62404271	19	101	1	55	50101	999999.99	3	5	12	1	1.08	59.4	4.75	922808.02	73793.57	0	1	13716	717.2	14433.2
"46"	9	53	16	6	7	1	3	1044.89207584	1294.62404271	19	1101	1	480	51101	74.65	1	1	12	1	1.11	532.8	82.86	8277308.28	1287270.58	0	0	13716	717.2	14433.2
"47"	9	53	16	6	8	1	3	1044.89207584	1294.62404271	19	101	1	45	50101	0	3	5	5	1	1.08	48.6	0	314593.64	0	0	0	8886.5	534.39	9420.89
"48"	9	53	17	4	10	1	3	714.62123536	885.41759874	19	401	1	150	50401	0	1	6	11	1	1.07	160.5	0	1563204.77	0	0	0	4313.26	7.83	4321.09
"49"	9	53	18	2	6	1	3	591.89733152	733.36235763	19	1501	1	60	51501	0	3	4	6	1	1.09	65.4	0	287771.39	0	0	0	5909.44	35.75	5945.18
"50"	9	53	20	4	13	1	3	433.06486034	536.56850618	19	1501	1	300	51501	0	3	9	4	1	1.03	309	0	663198.67	0	0	0	3181.94	391.01	3572.94
"51"	9	53	21	2	5	1	3	609.22459893	754.83088773	19	101	1	450	50101	0	1	8	12	1	1.04	468	0	4239130.27	0	0	0	6184.32	357	6541.32
"52"	9	53	22	0	9	1	3	1101.51778656	1364.78344791	19	101	1	415	50101	0	1	8	4	1	1.04	431.6	0	2356162.14	0	0	0	1148.95	0	1148.95
"53"	9	53	22	0	9	1	3	1101.51778656	1364.78344791	19	101	1	300	50101	0	1	9	1	1	1.03	309	0	421718.09	0	0	0	1148.95	0	1148.95
"54"	9	53	23	9	12	1	3	1215.29644269	1505.75550347	19	301	1	200	50301	0	1	10	12	1	1.02	204	0	3686089.47	0	0	0	18953.83	0	18953.83
"55"	9	53	24	7	9	1	3	906.18465909	1122.76518688	19	301	1	50	50301	0	3	9	12	1	1.03	51.5	0	693868.89	0	0	0	629.17	0	629.17
"56"	9	53	28	0	10	1	3	869.61583044	1077.45631155	19	1501	1	60	51501	0	3	1	1	1	1	60	0	64647.38	0	0	0	1008.6	19.28	1027.88
"57"	9	53	30	1	7	1	3	569.90424242	706.11286213	19	301	1	500	50301	0	3	2	11	1	1	500	0	3883620.74	0	0	0	1243	1126.12	2369.12
"58"	9	53	31	0	4	1	3	592.61492979	734.25146377	19	101	1	400	50101	0	3	2	6	1	1	400	0	1762203.51	0	0	0	3161.5	815.5	3977
"59"	9	53	31	0	6	1	3	592.61492979	734.25146377	19	101	1	415	50101	37	1	2	1	1	1	415	37	304714.36	27167.3	0	0	3335.77	0	3335.77
"60"	9	53	32	8	12	1	3	1598.16363636	1980.12896802	19	101	1	160	50101	0	3	3	12	1	0.99	158.4	0	3763829.14	0	0	0	282	761.75	1043.75
"61"	9	53	32	8	20	1	3	1598.16363636	1980.12896802	19	301	1	30	50301	0	3	3	11	1	0.99	29.7	0	646908.13	0	0	0	2516.72	414.23	2930.95
"62"	9	53	32	8	6	1	3	1598.16363636	1980.12896802	19	301	1	65	50301	999999.99	3	2	12	1	1	65	5.2	1544500.6	123560.05	0	1	7371.4	663.72	8035.12
"63"	9	53	33	6	3	1	3	416.7539865	516.35929039	19	301	1	200	50301	0	3	12	1	1	1.01	202	0	104304.58	0	0	0	6183.65	388.73	6572.38
"64"	9	53	34	4	1	1	3	548.30816072	679.35525984	19	301	1	40	50301	0	3	2	12	1	1	40	0	326090.52	0	0	0	6857.5	582.83	7440.33
"65"	9	53	34	4	14	1	3	548.30816072	679.35525984	19	101	1	465	50101	135	1	4	12	1	0.97	451.05	130.95	3677078.28	1067538.86	0	0	6060	458.23	6518.23
"66"	9	53	34	4	5	1	3	548.30816072	679.35525984	19	101	1	200	50101	0	1	2	12	1	1	200	0	1630452.62	0	0	0	3005.5	0	3005.5
"67"	9	53	34	4	7	1	3	548.30816072	679.35525984	19	301	1	30	50301	0	3	1	1	1	1	30	0	20380.66	0	0	0	1125.5	341.08	1466.58
"68"	9	53	35	2	1	1	4	466.92957549	578.52697773	19	1301	1	100	51301	0	3	6	12	1	1.17	117	0	812251.88	0	0	0	3060	0	3060
"69"	9	53	35	2	4	1	4	466.92957549	578.52697773	19	101	1	523	50101	0	1	5	6	1	1.08	564.84	0	1960651.07	0	0	0	12731.17	420.54	13151.71
"70"	9	53	35	2	5	1	4	466.92957549	578.52697773	19	301	1	90	50301	0	3	5	4	1	1.08	97.2	0	224931.29	0	0	0	11406.63	12.12	11418.75
"71"	9	53	35	2	5	1	4	466.92957549	578.52697773	19	1501	1	90	51501	0	3	5	4	1	1.08	97.2	0	224931.29	0	0	0	11406.63	12.12	11418.75
"72"	9	53	35	2	7	1	4	466.92957549	578.52697773	19	301	1	150	50301	0	3	6	6	1	1.07	160.5	0	557121.48	0	0	0	8988.43	571.47	9559.9
"73"	9	53	35	2	8	1	4	466.92957549	578.52697773	19	301	1	240	50301	0	3	6	12	1	1.07	256.8	0	1782788.73	0	0	0	8202.55	0	8202.55
"74"	9	53	36	0	4	1	4	1550.25	1920.76384597	19	301	1	40	50301	0	3	4	12	1	1.09	43.6	0	1004943.64	0	0	0	6262.81	468.65	6731.46
"75"	9	53	36	0	7	1	4	1550.25	1920.76384597	19	1501	1	100	51501	0	3	6	5	1	1.07	107	0	1027608.66	0	0	0	3614.87	524.36	4139.22
"76"	9	53	36	0	8	1	4	1550.25	1920.76384597	19	101	1	420	50101	0	3	6	3	1	1.07	449.4	0	2589573.82	0	0	0	6665.83	459	7124.83
"77"	9	53	37	9	1	1	4	1548.7899061	1918.95478578	19	301	1	180	50301	0	1	4	12	1	0.97	174.6	0	4020594.07	0	0	0	7250.1	667.4	7917.5
"78"	9	53	37	9	2	1	4	1548.7899061	1918.95478578	19	101	1	500	50101	0	3	7	12	1	1.05	525	0	12089415.15	0	0	0	12183.33	408	12591.33
"79"	9	53	37	9	4	1	4	1548.7899061	1918.95478578	19	101	1	381.8	50101	33.2	1	8	6	1	1.04	397.07	34.53	4571756.26	397569.05	0	0	6626.97	380.19	7007.16
"80"	9	53	37	9	7	1	4	1548.7899061	1918.95478578	19	101	1	250	50101	0	3	9	12	1	1.03	257.5	0	5929570.29	0	0	0	6112.67	594.67	6707.33
"81"	9	53	38	7	11	1	4	539.74789135	668.74906347	19	101	1	200	50101	0	1	10	12	1	1.02	204	0	1637097.71	0	0	0	7035.54	329.03	7364.57
"82"	9	53	38	7	3	1	4	539.74789135	668.74906347	19	101	1	700	50101	100	1	8	2	1	1.04	728	104	973698.64	139099.81	0	0	20142.15	1566.26	21708.41
"83"	9	53	39	5	1	1	4	368.33102087	456.36310804	19	101	1	200	50101	0	1	11	7	1	1.01	202	0	645297.43	0	0	0	5745.58	451.16	6196.74
"84"	9	53	39	5	18	1	4	368.33102087	456.36310804	19	1501	1	50	51501	999999.99	1	1	12	1	1	50	4	273817.86	21905.43	0	1	3776.2	22	3798.2
"85"	9	53	39	5	4	1	4	368.33102087	456.36310804	19	1501	1	90	51501	0	3	11	12	1	1.01	90.9	0	497800.88	0	0	0	11801.62	0	11801.62
"86"	9	53	39	5	6	1	4	368.33102087	456.36310804	19	1501	1	90	51501	0	3	12	12	1	1.01	90.9	0	497800.88	0	0	0	2774	0	2774
"87"	9	53	40	9	12	1	4	1286.18530184	1593.58698725	19	101	3	415	50101	0	1	1	12	1	1	415	0	7936063.2	0	0	0	10804.82	954.68	11759.5
"88"	9	53	40	9	3	1	4	1286.18530184	1593.58698725	19	101	1	620	50101	33	1	11	12	1	1.01	626.2	33.33	11974850.06	637371.05	0	0	5519.2	1422.75	6941.96
"89"	9	53	41	7	1	1	4	1938.13946459	2401.35991746	19	101	1	465	50101	999999.99	1	3	10	1	0.99	460.35	36.83	11054660.38	884420.86	0	1	5100	548	5648
"90"	9	53	41	7	12	1	4	1938.13946459	2401.35991746	19	301	1	415	50301	999999.99	3	12	12	1	1.01	419.15	33.53	12078360.11	966211.18	0	1	450.62	500	950.62
"91"	9	53	41	7	9	1	4	1938.13946459	2401.35991746	19	301	1	50	50301	999999.99	3	11	12	1	1.01	50.5	4.04	1455224.11	116417.93	0	1	1310	574.83	1884.83
"92"	9	53	42	5	1	1	4	642.82555283	796.46255838	19	101	1	500	50101	83	1	2	3	1	1	500	83	1194693.84	198319.18	0	0	15164	1758.8	16922.8
"93"	9	53	42	5	10	1	4	642.82555283	796.46255838	19	301	1	160	50301	0	3	3	12	1	0.99	158.4	0	1513916.03	0	0	0	10391.38	0	10391.38
"94"	9	53	42	5	4	1	4	642.82555283	796.46255838	19	101	1	200	50101	0	1	8	1	1	1.04	208	0	165664.21	0	0	0	2655.63	26.67	2682.29
"95"	9	53	42	5	9	1	4	642.82555283	796.46255838	19	1301	1	465	51301	0	1	3	12	1	0.99	460.35	0	4399818.47	0	0	0	10719.54	530.65	11250.19
"96"	9	53	43	3	2	1	4	1368.97470449	1696.16327588	19	1501	1	370	51501	0	1	1	12	1	1	370	0	7530964.94	0	0	0	6895	383.33	7278.33
"97"	9	53	44	1	15	1	5	994.46813397	1232.14864551	19	301	1	170	50301	0	1	7	7	1	1.05	178.5	0	1539569.73	0	0	0	18889.38	447	19336.38
"98"	9	53	44	1	3	1	5	994.46813397	1232.14864551	19	301	1	200	50301	0	3	4	12	1	1.09	218	0	3223300.86	0	0	0	12038	671.25	12709.25
"99"	9	53	45	0	11	1	5	648.51214128	803.5082565	19	301	1	100	50301	0	3	7	12	1	1.05	105	0	1012420.4	0	0	0	3566.52	286.96	3853.48
"100"	9	53	46	8	2	1	5	722.16743613	894.76736144	19	1701	1	140	51701	0	1	4	12	1	1.09	152.6	0	1638497.99	0	0	0	4305.15	416	4721.15
"101"	9	53	46	8	4	1	5	722.16743613	894.76736144	19	101	1	400	50101	0	1	4	11	1	1.09	436	0	4291304.27	0	0	0	9459.22	615.67	10074.89
"102"	9	53	47	6	3	1	5	567.75985663	703.45596246	19	401	1	100	50401	0	1	1	3	1	1.11	111	0	234250.84	0	0	0	1947.41	357.11	2304.52
"103"	9	53	49	2	8	1	5	530.04015193	656.72114868	19	301	1	45	0	0	3	6	3	1	1.07	48.15	0	94863.37	0	3	0	1136.43	313.07	1449.49
"104"	9	53	50	6	13	1	5	558.06005812	691.43788648	19	301	1	200	50301	0	3	6	11	1	1.07	214	0	1627644.78	0	0	0	8315.89	406.63	8722.51
"105"	9	53	51	4	1	1	5	803.94936368	996.09538574	19	701	1	10	50701	999999.99	1	5	12	1	1.08	10.8	0.86	129093.96	10279.7	0	1	997.4	84.33	1081.73
"106"	9	53	51	4	6	1	5	803.94936368	996.09538574	19	101	1	200	50101	0	1	5	5	1	1.08	216	0	1075783.02	0	0	0	2615.71	60.89	2676.6
"107"	9	53	53	0	13	1	5	468.82320408	580.87318856	19	1301	1	10	51301	0	3	7	6	1	1.05	10.5	0	36595.01	0	0	0	2154.59	296.98	2451.57
"108"	9	53	54	9	5	1	5	629.58204334	780.05381514	19	1301	1	300	51301	0	1	7	12	1	1.05	315	0	2948603.42	0	0	0	172.92	394.85	567.77
"109"	9	53	55	7	7	1	5	995.0887218	1232.91755548	19	301	1	40	50301	0	3	8	12	1	1.04	41.6	0	615472.44	0	0	0	1524.15	220.5	1744.65
"110"	9	53	55	7	7	1	5	995.0887218	1232.91755548	19	401	1	120	50401	0	1	8	12	1	1.04	124.8	0	1846417.33	0	0	0	1524.15	220.5	1744.65
"111"	9	53	56	5	3	1	5	1034.61562998	1281.89149915	19	301	1	50	50301	0	3	8	6	1	1.04	52	0	399950.15	0	0	0	2575	171.5	2746.5
"112"	9	53	56	5	7	1	5	1034.61562998	1281.89149915	19	101	1	400	50101	0	1	9	4	1	1.03	412	0	2112557.19	0	0	0	1478.46	274.89	1753.35
"113"	9	53	57	3	5	1	5	907.55540166	1124.46354054	19	401	1	140	50401	999999.99	1	8	6	1	1.04	145.6	11.65	982331.35	78600	0	1	1715.9	0	1715.9
"114"	9	53	59	0	3	1	5	456.01724448	565.00657077	19	701	1	10	50701	0	1	7	12	1	1.05	10.5	0	71190.83	0	0	0	1931.8	264.24	2196.04
"115"	9	53	61	1	13	1	5	959.92009544	1189.34353449	19	301	1	150	50301	0	1	9	2	1	1.03	154.5	0	367507.15	0	0	0	5624.59	542.4	6166.99
"116"	9	53	62	0	7	1	5	897.85650567	1112.44658279	19	301	1	250	50301	999999.99	1	9	2	1	1.03	257.5	20.6	572909.99	45832.8	0	1	3234.25	468.9	3703.15
"117"	9	53	63	8	12	1	5	471.17241379	583.78386559	19	101	1	80	50101	0	3	12	2	1	1.01	80.8	0	94339.47	0	0	0	629.38	33.11	662.48
"118"	9	53	63	8	6	1	5	471.17241379	583.78386559	19	301	1	100	50301	0	3	12	6	1	1.01	101	0	353773.02	0	0	0	4523.8	172.11	4695.91
"119"	9	53	63	8	6	1	5	471.17241379	583.78386559	19	1501	1	60	51501	0	3	12	6	1	1.01	60.6	0	212263.81	0	0	0	4523.8	172.11	4695.91
"120"	9	53	65	4	2	1	5	757.86200194	938.99302278	19	301	1	50	50301	0	3	11	12	1	1.01	50.5	0	569029.77	0	0	0	18401.67	0	18401.67
"121"	9	53	66	2	1	1	5	535.79338148	663.84941529	19	2501	1	550	52501	999999.99	1	11	12	1	1.01	555.5	44.44	4425220.2	354017.62	0	1	1716.37	252.5	1968.87
"122"	9	53	66	2	7	1	5	535.79338148	663.84941529	19	101	1	415	50101	0	1	12	12	1	1.01	419.15	0	3339029.79	0	0	0	660.28	325.24	985.51
"123"	9	53	67	0	10	1	5	513.26873065	635.9413134	19	301	1	80	50301	0	3	12	12	1	1.01	80.8	0	616608.7	0	0	0	4817.32	421	5238.32
"124"	9	53	67	0	9	1	5	513.26873065	635.9413134	19	301	1	60	50301	0	1	10	2	1	1.02	61.2	0	77839.22	0	0	0	2898.5	67.33	2965.83
"125"	9	53	69	7	8	1	5	1127.19468092	1396.59718786	19	301	1	207	50301	0	3	12	12	1	1.01	209.07	0	3503838.89	0	0	0	15722	403.83	16125.83
"126"	9	53	70	0	1	1	5	792.37921727	981.75994378	19	101	1	50	50101	0	3	11	12	1	1.01	50.5	0	594946.53	0	0	0	1771.4	593.07	2364.47
"127"	9	53	70	0	13	1	5	792.37921727	981.75994378	19	1501	1	50	51501	0	1	1	6	1	1	50	0	294527.98	0	0	0	2950.78	418.88	3369.67
"128"	9	53	70	0	4	1	5	792.37921727	981.75994378	19	1501	1	20	51501	0	3	11	1	1	1.01	20.2	0	19831.55	0	0	0	1111	107.49	1218.49
"129"	9	53	73	5	12	1	5	449.25735137	556.63104535	19	301	1	50	50301	999999.99	3	2	12	1	1	50	4	333978.63	26718.29	0	1	1282.69	482.42	1765.11
"130"	9	53	73	5	5	1	5	449.25735137	556.63104535	19	101	1	250	50101	999999.99	3	3	12	1	1.09	272.5	21.8	1820183.52	145614.68	0	1	4474.4	20.33	4494.73
"131"	9	53	75	1	3	1	5	709.42219242	878.9759708	19	301	1	35	50301	0	3	12	1	1	1.01	35.35	0	31071.8	0	0	0	2845.34	30.22	2875.56
"132"	9	53	79	4	9	1	5	795.91383522	986.13934475	19	101	1	450	50101	0	1	3	12	1	0.99	445.5	0	5271900.94	0	0	0	1238.39	300	1538.39
"133"	9	53	80	8	3	1	5	650.66666667	806.17771915	19	301	1	100	50301	0	3	1	2	1	1	100	0	161235.54	0	0	0	1900	190	2090
"134"	9	53	82	4	2	1	6	1810.10142939	2242.72045355	19	301	1	60	50301	0	3	4	12	1	1.09	65.4	0	1760087.01	0	0	0	2930	709.1	3639.1
"135"	9	53	82	4	3	1	6	1810.10142939	2242.72045355	19	101	1	420	50101	85	1	5	12	1	1.08	453.6	91.8	12207575.97	2470580.85	0	0	13892.25	0	13892.25
"136"	9	53	82	4	5	1	6	1810.10142939	2242.72045355	19	101	1	1200	50101	200	1	5	12	1	1.08	1296	216	34878788.49	5813131.42	0	0	5677.62	1074.09	6751.71
"137"	9	53	82	4	6	1	6	1810.10142939	2242.72045355	19	101	1	224	50101	0	3	7	12	1	1.16	259.84	0	6992981.79	0	0	0	6673.46	778.49	7451.95
"138"	9	53	82	4	7	1	6	1810.10142939	2242.72045355	19	1501	1	45	51501	0	3	6	12	1	1.07	48.15	0	1295843.88	0	0	0	7449.33	1061.92	8511.25
"139"	9	53	82	4	9	1	6	1810.10142939	2242.72045355	19	1701	1	184	51701	0	3	6	12	1	1.07	196.88	0	5298561.63	0	0	0	9472.7	619.33	10092.03
"140"	9	53	83	2	1	1	6	1378.46104651	1707.91687871	19	101	1	700	50101	90	1	4	12	1	1.09	763	98.1	15637686.94	2010559.75	0	0	22793.17	1729.37	24522.54
"141"	9	53	83	2	12	1	6	1378.46104651	1707.91687871	19	101	1	1100	50101	83	1	7	12	1	1.05	1155	87.15	23671727.94	1786139.47	0	0	58405.08	3889.95	62295.03
"142"	9	53	83	2	12	1	6	1378.46104651	1707.91687871	19	301	1	350	50301	83	3	7	12	1	1.05	367.5	87.15	7531913.44	1786139.47	0	0	58405.08	3889.95	62295.03
"143"	9	53	83	2	8	1	6	1378.46104651	1707.91687871	19	101	1	600	50101	120	1	6	11	1	1.07	642	128.4	12061309	2412261.8	0	0	27665.87	65.65	27731.52
"144"	9	53	83	2	9	1	6	1378.46104651	1707.91687871	19	301	1	480	50301	0	3	6	12	1	1.07	513.6	0	10526233.31	0	0	0	31723.3	3868	35591.3
"145"	9	53	84	0	2	1	6	1584.55320766	1963.2656109	19	101	1	999999.99	50101	999999.99	3	5	12	1	1.08	525	0	12368573.35	0	1	0	5578.33	978.5	6556.83
"146"	9	53	84	0	3	1	6	1584.55320766	1963.2656109	19	101	1	670	50101	60	1	5	12	1	1.08	723.6	64.8	17047427.95	1526635.34	0	0	3000	0	3000
"147"	9	53	84	0	6	1	6	1584.55320766	1963.2656109	19	101	1	600	50101	999999.99	1	6	12	1	1.07	642	51.36	15124998.27	1209999.86	0	1	7290.16	91.4	7381.56
"148"	9	53	84	0	8	1	6	1584.55320766	1963.2656109	19	101	1	200	50101	0	3	6	12	1	1.07	214	0	5041666.09	0	0	0	13719.67	1154.67	14874.33
"149"	9	53	85	9	1	1	6	730.40387141	904.97232651	19	101	1	200	50101	999999.99	3	4	12	1	0.97	194	15.52	2106775.58	168542.05	0	1	5947.22	1287	7234.22
"150"	9	53	85	9	4	1	6	730.40387141	904.97232651	19	101	1	160	50101	0	3	8	1	1	1.04	166.4	0	150587.4	0	0	0	4245.9	0	4245.9
"151"	9	53	85	9	6	1	6	730.40387141	904.97232651	19	101	1	300	50101	0	3	8	6	1	1.04	312	0	1694108.2	0	0	0	14643.2	0	14643.2
"152"	9	53	85	9	8	1	6	730.40387141	904.97232651	19	301	1	90	50301	0	3	8	12	1	1.04	93.6	0	1016464.92	0	0	0	439.9	654	1093.9
"153"	9	53	86	7	1	1	6	2355.05396723	2917.91808778	19	301	1	120	50301	999999.99	3	4	12	1	0.97	116.4	9.31	4075747.99	325989.81	0	1	1509.03	0	1509.03
"154"	9	53	86	7	4	1	6	2355.05396723	2917.91808778	19	301	1	192	50301	0	3	10	12	1	1.13	216.96	0	7596858.1	0	0	0	5658.75	0	5658.75
"155"	9	53	87	5	10	1	6	619.42137992	767.46472632	19	501	1	200	50501	999999.99	3	10	12	1	1.02	204	16.32	1878753.65	150300.29	0	1	11550	231.75	11781.75
"156"	9	53	87	5	10	1	6	619.42137992	767.46472632	19	101	1	500	50101	100	1	10	12	1	1.02	510	102	4696884.13	939376.83	0	0	11550	231.75	11781.75
"157"	9	53	87	5	12	1	6	619.42137992	767.46472632	19	101	1	600	50101	0	1	10	12	1	1.02	612	0	5636260.95	0	0	0	18743.33	579.32	19322.65
"158"	9	53	87	5	12	1	6	619.42137992	767.46472632	19	1101	1	450	51101	0	1	10	12	1	1.02	459	0	4227195.71	0	0	0	18743.33	579.32	19322.65
"159"	9	53	87	5	5	1	6	619.42137992	767.46472632	19	2102	1	90	52102	0	3	8	12	1	1.04	93.6	0	862016.38	0	0	0	37732.53	0	37732.53
"160"	9	53	87	5	5	1	6	619.42137992	767.46472632	19	101	1	1000	50101	140	1	10	12	1	1.13	1130	158.2	10406821.69	1456955.04	0	0	37732.53	0	37732.53
"161"	9	53	87	5	6	1	6	619.42137992	767.46472632	19	201	1	900	50201	999999.99	1	8	12	1	1.04	936	74.88	8620163.81	689613.1	0	1	22750	614.47	23364.47
"162"	9	53	87	5	6	1	6	619.42137992	767.46472632	19	501	1	230	50501	0	3	8	12	1	1.04	239.2	0	2202930.75	0	0	0	22750	614.47	23364.47
"163"	9	53	87	5	6	1	6	619.42137992	767.46472632	19	1201	1	1600	51201	999999.99	1	8	12	1	1.04	1664	183.04	15324735.66	1685720.92	0	1	22750	614.47	23364.47
"164"	9	53	87	5	8	1	6	619.42137992	767.46472632	19	501	1	60	50501	0	3	9	9	1	1.03	61.8	0	426863.88	0	0	0	10190.44	884.6	11075.04
"165"	9	53	87	5	8	1	6	619.42137992	767.46472632	19	101	1	60	50101	0	3	9	3	1	1.03	61.8	0	142287.96	0	0	0	10190.44	884.6	11075.04
"166"	9	53	87	5	9	1	6	619.42137992	767.46472632	19	101	1	350	50101	0	3	9	12	1	1.03	360.5	0	3320052.41	0	0	0	14920.47	2891.77	17812.23
"167"	9	53	87	5	9	1	6	619.42137992	767.46472632	19	501	1	50	50501	0	9	9	12	1	1.03	51.5	0	474293.2	0	0	0	14920.47	2891.77	17812.23
"168"	9	53	88	3	11	1	6	1389.93962264	1722.13886486	19	101	1	1100	50101	120	1	12	10	1	1.01	1111	121.2	19132962.79	2087232.3	0	0	6485	1208.17	7693.17
"169"	9	53	88	3	7	1	6	1389.93962264	1722.13886486	19	101	1	112	50101	0	3	12	11	1	1.01	113.12	0	2142891.83	0	0	0	4433.75	77.25	4511
"170"	9	53	88	3	8	1	6	1389.93962264	1722.13886486	19	301	1	200	50301	0	3	12	3	1	1.01	202	0	1043616.15	0	0	0	12322.5	1808	14130.5
"171"	9	53	89	1	1	1	6	2931.98397535	3632.73589216	19	101	1	105	50101	999999.99	3	10	7	1	1.02	107.1	8.57	2723462.1	217927.83	0	1	7568.83	535.17	8104
"172"	9	53	90	5	7	1	6	1177.67757576	1459.14562795	19	101	1	70	50101	0	3	3	12	1	0.99	69.3	0	1213425.5	0	0	0	5400.08	2000	7400.08
"173"	9	53	91	3	5	1	6	669.82740741	829.91792755	19	401	1	500	50401	40	1	2	8	1	1	500	40	3319671.71	265573.74	0	0	8712.5	0	8712.5
"174"	9	53	91	3	5	1	6	669.82740741	829.91792755	19	101	1	650	50101	40	1	2	8	1	1	650	40	4315573.22	265573.74	0	0	8712.5	0	8712.5
"175"	9	53	91	3	6	1	6	669.82740741	829.91792755	19	301	1	240	50301	0	3	2	10	1	1	240	0	1991803.03	0	0	0	5584.43	1568.89	7153.32
"176"	9	53	91	3	7	1	6	669.82740741	829.91792755	19	301	1	100	50301	0	1	2	11	1	1	100	0	912909.72	0	0	0	1114.95	612	1726.95
"177"	9	53	92	1	2	1	6	553.89327389	686.27522981	19	401	1	200	50401	0	1	2	2	1	1	200	0	274510.09	0	0	0	2259.05	689.58	2948.63
"178"	9	53	92	1	7	1	6	553.89327389	686.27522981	19	101	1	400	50101	0	3	5	3	1	1.08	432	0	889412.7	0	0	0	7638.28	1211	8849.28
"179"	9	53	93	0	1	1	7	1700.67112445	2107.1360166	19	301	1	280	50301	0	3	4	1	1	1.09	305.2	0	643097.91	0	0	0	5372.05	0	5372.05
"180"	9	53	93	0	4	1	7	1700.67112445	2107.1360166	19	1501	1	140	51501	0	3	5	12	1	1.08	151.2	0	3823187.59	0	0	0	31723.3	410.67	32133.96
"181"	9	53	93	0	4	1	7	1700.67112445	2107.1360166	19	301	1	240	50301	0	3	5	1	1	1.08	259.2	0	546169.66	0	0	0	31723.3	410.67	32133.96
"182"	9	53	93	0	9	1	7	1700.67112445	2107.1360166	19	301	1	45	0	0	3	6	3	1	1.07	48.15	0	304375.8	0	3	0	976.08	7.07	983.15
"183"	9	53	94	8	1	1	7	1387.47079646	1719.0799827	19	101	1	600	50101	120	1	4	12	1	0.97	582	116.4	12006054.6	2401210.92	0	0	20415.5	2308.2	22723.7
"184"	9	53	94	8	1	1	7	1387.47079646	1719.0799827	19	501	1	100	50501	0	3	4	12	1	0.97	97	0	2001009.1	0	0	0	20415.5	2308.2	22723.7
"185"	9	53	94	8	10	1	7	1387.47079646	1719.0799827	19	101	1	600	50101	100	1	7	12	1	1.05	630	105	12996244.67	2166040.78	0	0	15236.67	3418.05	18654.72
"186"	9	53	94	8	10	1	7	1387.47079646	1719.0799827	19	301	1	120	50301	0	3	7	12	1	1.05	126	0	2599248.93	0	0	0	15236.67	3418.05	18654.72
"187"	9	53	94	8	10	1	7	1387.47079646	1719.0799827	19	501	1	90	50501	0	3	7	12	1	1.05	94.5	0	1949436.7	0	0	0	15236.67	3418.05	18654.72
"188"	9	53	94	8	12	1	7	1387.47079646	1719.0799827	19	501	1	240	50501	0	3	7	12	1	1.05	252	0	5198497.87	0	0	0	30458.33	816	31274.33
"189"	9	53	94	8	12	1	7	1387.47079646	1719.0799827	19	201	1	350	50201	0	3	7	6	1	1.05	367.5	0	3790571.36	0	0	0	30458.33	816	31274.33
"190"	9	53	94	8	12	1	7	1387.47079646	1719.0799827	19	1101	1	600	51101	160	1	7	12	1	1.05	630	168	12996244.67	3465665.25	0	0	30458.33	816	31274.33
"191"	9	53	94	8	12	1	7	1387.47079646	1719.0799827	19	101	1	320	50101	0	3	7	8	1	1.05	336	0	4620886.99	0	0	0	30458.33	816	31274.33
"192"	9	53	94	8	12	1	7	1387.47079646	1719.0799827	19	301	1	240	50301	0	3	7	3	1	1.05	252	0	1299624.47	0	0	0	30458.33	816	31274.33
"193"	9	53	94	8	3	1	7	1387.47079646	1719.0799827	19	1101	1	450	51101	70	3	5	12	1	1.08	486	75.6	10025674.46	1559549.36	0	0	13391.17	4970	18361.17
"194"	9	53	94	8	3	1	7	1387.47079646	1719.0799827	19	101	1	1000	50101	70	1	5	12	1	1.08	1080	75.6	22279276.58	1559549.36	0	0	13391.17	4970	18361.17
"195"	9	53	95	6	3	1	7	1027.13746489	1272.62603283	19	101	1	600	50101	0	1	8	12	1	1.04	624	0	9529423.73	0	0	0	22484.68	1294.05	23778.73
"196"	9	53	95	6	9	1	7	1027.13746489	1272.62603283	19	101	1	700	50101	83	1	9	12	1	1.03	721	85.49	11010760.44	1305561.59	0	0	18526.96	2421.25	20948.21
"197"	9	53	96	4	1	1	7	736.28976744	912.26496724	19	501	1	100	50501	0	3	7	12	1	1.05	105	0	1149453.86	0	0	0	2785.11	2346	5131.11
"198"	9	53	96	4	1	1	7	736.28976744	912.26496724	19	101	1	820	50101	83	1	7	8	1	1.05	861	87.15	6283681.09	636031.14	0	0	2785.11	2346	5131.11
"199"	9	53	96	4	12	1	7	736.28976744	912.26496724	19	501	1	450	50501	0	3	9	12	1	1.03	463.5	0	5074017.75	0	0	0	4956.25	816	5772.25
"200"	9	53	96	4	12	1	7	736.28976744	912.26496724	19	101	1	600	50101	45	3	9	12	1	1.03	618	46.35	6765357	507401.77	0	0	4956.25	816	5772.25
"201"	9	53	96	4	3	1	7	736.28976744	912.26496724	19	501	1	30	0	0	9	7	12	1	1.05	31.5	0	344836.16	0	3	0	5534.53	2648.36	8182.89
"202"	9	53	96	4	4	1	7	736.28976744	912.26496724	19	501	1	250	50501	0	3	8	12	1	1.04	260	0	2846266.7	0	0	0	10824.46	2897.59	13722.04
"203"	9	53	96	4	4	1	7	736.28976744	912.26496724	19	1101	1	100	51101	0	3	8	12	1	1.04	104	0	1138506.68	0	0	0	10824.46	2897.59	13722.04
"204"	9	53	96	4	4	1	7	736.28976744	912.26496724	19	101	1	500	50101	0	3	8	12	1	1.04	520	0	5692533.4	0	0	0	10824.46	2897.59	13722.04
"205"	9	53	96	4	8	1	7	736.28976744	912.26496724	19	501	1	200	50501	0	3	8	11	1	1.04	208	0	2087262.25	0	0	0	138.33	4577.61	4715.94
"206"	9	53	96	4	8	1	7	736.28976744	912.26496724	19	1101	1	100	51101	0	3	8	1	1	1.04	104	0	94875.56	0	0	0	138.33	4577.61	4715.94
"207"	9	53	96	4	8	1	7	736.28976744	912.26496724	19	101	1	620	50101	0	1	8	1	1	1.04	644.8	0	588228.45	0	0	0	138.33	4577.61	4715.94
"208"	9	53	97	2	11	1	7	1356.640625	1680.88131881	19	101	1	500	50101	80	3	1	12	1	1	500	80	10085287.91	1613646.07	0	0	3500	326.1	3826.1
"209"	9	53	97	2	13	1	7	1356.640625	1680.88131881	19	301	1	200	50301	0	3	1	12	1	1	200	0	4034115.17	0	0	0	7416	806.87	8222.87
"210"	9	53	98	0	11	1	7	1465.0974026	1815.25955281	19	101	1	180	50101	0	3	3	12	1	1.09	196.2	0	4273847.09	0	0	0	10283.31	2000	12283.31
"211"	9	53	98	0	11	1	7	1465.0974026	1815.25955281	19	1101	3	500	51101	0	1	3	12	1	1.09	545	0	11871797.48	0	0	0	10283.31	2000	12283.31
"212"	9	53	98	0	7	1	7	1465.0974026	1815.25955281	19	1501	1	70	51501	0	3	12	4	1	1.01	70.7	0	513355.4	0	0	0	1575	608.08	2183.08
"213"	9	53	99	9	13	1	7	1228.14556962	1521.67560569	19	101	1	450	50101	999999.99	1	4	9	1	0.97	436.5	34.92	5977902.62	478232.21	0	1	8417.77	639.5	9057.27
"214"	9	53	99	9	3	1	7	1228.14556962	1521.67560569	19	1101	2	800	51101	64	1	2	12	1	1	800	64	14608085.81	1168646.87	0	0	9470.67	1890.1	11360.77
"215"	9	53	99	9	3	1	7	1228.14556962	1521.67560569	19	101	2	1350	50101	0	1	2	12	1	1	1350	0	24651144.81	0	0	0	9470.67	1890.1	11360.77
"216"	9	53	101	4	8	1	8	205.68568122	254.84510248	19	301	1	120	50301	999999.99	3	1	12	1	1	120	9.6	366976.95	29358.16	0	1	2713.85	2520.47	5234.32
"217"	9	53	103	0	1	1	8	183.33668934	227.15464249	19	101	1	440	50101	0	1	5	12	1	1.08	475.2	0	1295326.63	0	0	0	18360.11	526.73	18886.84
"218"	9	53	103	0	1	1	8	183.33668934	227.15464249	19	501	1	60	50501	0	3	5	12	1	1.08	64.8	0	176635.45	0	0	0	18360.11	526.73	18886.84
"219"	9	53	103	0	15	1	8	183.33668934	227.15464249	19	501	1	75	50501	0	3	7	12	1	1.05	78.75	0	214661.14	0	0	0	17788	1426.24	19214.24
"220"	9	53	103	0	15	1	8	183.33668934	227.15464249	19	101	1	615	50101	83	1	7	12	1	1.05	645.75	87.15	1760221.32	237558.33	0	0	17788	1426.24	19214.24
"221"	9	53	103	0	16	1	8	183.33668934	227.15464249	19	501	1	150	50501	0	3	7	12	1	1.05	157.5	0	429322.27	0	0	0	1760.77	2973	4733.77
"222"	9	53	103	0	16	1	8	183.33668934	227.15464249	19	101	1	600	50101	120	1	7	12	1	1.05	630	126	1717289.1	343457.82	0	0	1760.77	2973	4733.77
"223"	9	53	103	0	17	1	8	183.33668934	227.15464249	19	101	1	840	50101	160	1	7	12	1	1.05	882	168	2404204.74	457943.76	0	0	65544.47	2887.45	68431.92
"224"	9	53	103	0	17	1	8	183.33668934	227.15464249	19	501	1	200	50501	0	3	7	12	1	1.05	210	0	572429.7	0	0	0	65544.47	2887.45	68431.92
"225"	9	53	103	0	2	1	8	183.33668934	227.15464249	19	101	1	460	50101	85	1	5	12	1	1.08	496.8	91.8	1354205.12	250233.55	0	0	14843.25	995.55	15838.8
"226"	9	53	103	0	2	1	8	183.33668934	227.15464249	19	501	1	80	50501	0	9	5	12	1	1.08	86.4	0	235513.93	0	0	0	14843.25	995.55	15838.8
"227"	9	53	103	0	3	1	8	183.33668934	227.15464249	19	101	1	415	50101	83	1	5	12	1	1.08	448.2	89.64	1221728.53	244345.71	0	0	10811.55	1602.97	12414.52
"228"	9	53	103	0	3	1	8	183.33668934	227.15464249	19	1101	1	415	51101	83	1	5	12	1	1.08	448.2	89.64	1221728.53	244345.71	0	0	10811.55	1602.97	12414.52
"229"	9	53	103	0	4	1	8	183.33668934	227.15464249	19	101	1	800	50101	100	1	5	12	1	1.08	864	108	2355139.33	294392.42	0	0	30905.83	4187.33	35093.17
"230"	9	53	103	0	4	1	8	183.33668934	227.15464249	19	501	1	240	50501	0	3	5	12	1	1.08	259.2	0	706541.8	0	0	0	30905.83	4187.33	35093.17
"231"	9	53	103	0	6	1	8	183.33668934	227.15464249	19	101	1	1000	50101	99	1	5	12	1	1.08	1080	106.92	2943924.17	291448.49	0	0	40207.48	4022.67	44230.15
"232"	9	53	103	0	7	1	8	183.33668934	227.15464249	19	2101	1	80	52101	0	1	5	12	1	1.07	85.6	0	233333.25	0	0	0	25355.82	1264.3	26620.12
"233"	9	53	103	0	7	1	8	183.33668934	227.15464249	19	501	1	50	50501	0	3	5	1	1	1.08	54	0	12266.35	0	0	0	25355.82	1264.3	26620.12
"234"	9	53	103	0	7	1	8	183.33668934	227.15464249	19	101	1	650	50101	80	1	5	12	1	1.08	702	86.4	1913550.71	235513.93	0	0	25355.82	1264.3	26620.12
"235"	9	53	103	0	8	1	8	183.33668934	227.15464249	19	101	1	600	50101	58	1	5	12	1	1.08	648	62.64	1766354.5	170747.6	0	0	12381.82	350.95	12732.78
"236"	9	53	103	0	8	1	8	183.33668934	227.15464249	19	501	1	50	50501	0	3	5	1	1	1.08	54	0	12266.35	0	0	0	12381.82	350.95	12732.78
"237"	9	53	104	9	10	1	8	144.61737723	179.18131248	19	501	1	30	0	0	3	11	1	1	1.12	33.6	0	6020.49	0	3	0	6947.69	306	7253.69
"238"	9	53	104	9	13	1	8	144.61737723	179.18131248	19	301	1	250	50301	0	1	9	12	1	1.03	257.5	0	553670.26	0	0	0	1453.88	421.87	1875.74
"239"	9	53	104	9	13	1	8	144.61737723	179.18131248	19	1101	1	415	51101	0	1	9	12	1	1.03	427.45	0	919092.62	0	0	0	1453.88	421.87	1875.74
"240"	9	53	104	9	2	1	8	144.61737723	179.18131248	19	1101	1	415	51101	83	1	7	12	1	1.05	435.75	87.15	936939.08	187387.82	0	0	9795	653.33	10448.33
"241"	9	53	105	7	3	1	8	103.06502101	127.69783334	19	1701	1	120	51701	999999.99	3	7	12	1	1.05	126	10.08	193079.12	15446.33	0	1	3845.83	1074.67	4920.5
"242"	9	53	105	7	8	1	8	103.06502101	127.69783334	19	501	1	300	50501	0	3	6	12	1	1.07	321	0	491892.05	0	0	0	4533.42	1053.33	5586.75
"243"	9	53	105	7	8	1	8	103.06502101	127.69783334	19	301	1	200	50301	0	3	7	12	1	1.05	210	0	321798.54	0	0	0	4533.42	1053.33	5586.75
"244"	9	53	106	5	18	1	8	64.05812713	79.36818877	19	301	1	30	50301	0	3	10	12	1	1.02	30.6	0	29144	0	0	0	2749	612	3361
"245"	9	53	108	1	10	1	8	206.01719293	255.25584637	19	101	1	465	50101	999999.99	1	3	12	1	1.09	506.85	40.55	1552517.11	124207.49	0	1	10142.31	2000	12142.31
"246"	9	53	108	1	13	1	8	206.01719293	255.25584637	19	301	1	200	50301	0	1	12	11	1	1.01	202	0	567178.49	0	0	0	8245.5	347.8	8593.3
"247"	9	53	108	1	17	1	8	206.01719293	255.25584637	19	101	1	480	50101	999999.99	1	1	12	1	1	480	38.4	1470273.68	117621.89	0	1	1641.65	419.38	2061.03
"248"	9	53	108	1	6	1	8	206.01719293	255.25584637	19	501	1	500	50501	999999.99	3	10	10	1	1.02	510	40.8	1301804.82	104144.39	0	1	10325.5	385.52	10711.02
"249"	9	53	108	1	6	1	8	206.01719293	255.25584637	19	101	1	540	50101	999999.99	1	12	4	1	1.01	545.4	43.63	556866.15	44547.25	0	1	10325.5	385.52	10711.02
"250"	9	53	108	1	9	1	8	206.01719293	255.25584637	19	301	1	200	50301	999999.99	3	12	8	1	1.01	202	16.16	412493.45	32999.48	0	1	3609.55	339	3948.55
"251"	9	53	108	1	9	1	8	206.01719293	255.25584637	19	501	1	450	50501	999999.99	3	12	12	1	1.01	454.5	36.36	1392165.39	111373.23	0	1	3609.55	339	3948.55
"252"	9	53	109	0	18	1	8	449.36856996	556.76884547	19	1101	1	200	51101	0	3	10	1	1	1.02	204	0	113580.84	0	0	0	865.28	605.15	1470.43
"253"	9	53	110	3	13	1	8	150.98760263	187.07403859	19	301	1	60	50301	0	3	6	4	1	1.07	64.2	0	48040.61	0	0	0	1841.33	274.07	2115.4
"254"	9	53	110	3	14	1	8	150.98760263	187.07403859	19	301	1	200	50301	0	3	12	6	1	1.12	224	0	251427.51	0	0	0	2149.25	365.75	2515
"255"	9	53	110	3	7	1	8	150.98760263	187.07403859	19	501	1	45	50501	0	3	5	2	1	1.08	48.6	0	18183.6	0	0	0	577.36	0	577.36
"256"	9	53	110	3	8	1	8	150.98760263	187.07403859	19	1701	1	400	51701	0	3	4	11	1	1.09	436	0	897207.09	0	0	0	3569.63	317.41	3887.04
"257"	9	53	110	3	8	1	8	150.98760263	187.07403859	19	101	1	300	50101	0	1	5	1	1	1.08	324	0	60611.99	0	0	0	3569.63	317.41	3887.04
"258"	9	53	111	1	13	1	8	255.16609589	316.15146699	19	101	1	650	50101	82	1	12	12	1	1.01	656.5	82.82	2490641.26	314203.97	0	0	8353	600	8953
"259"	9	53	111	1	3	1	8	255.16609589	316.15146699	19	1101	3	500	51101	0	1	11	12	1	1.01	505	0	1915877.89	0	0	0	17845.4	0	17845.4
"260"	9	53	111	1	3	1	8	255.16609589	316.15146699	19	301	1	200	50301	0	1	11	12	1	1.01	202	0	766351.16	0	0	0	17845.4	0	17845.4
"261"	9	53	112	0	9	1	8	32.4186874	40.16683934	19	101	1	300	50101	0	1	12	6	1	1.01	303	0	73023.31	0	0	0	4497.75	34.67	4532.42
"262"	9	53	114	6	14	1	8	196.9968254	244.07958716	19	101	1	600	50101	0	1	12	12	1	1.01	606	0	1774946.76	0	0	0	15725.6	306	16031.6
"263"	9	53	114	6	16	1	8	196.9968254	244.07958716	19	101	1	500	50101	60	3	1	12	1	1	500	60	1464477.52	175737.3	0	0	20085.25	2350.07	22435.32
"264"	9	53	114	6	16	1	8	196.9968254	244.07958716	19	2102	1	75	52102	0	3	1	12	1	1	75	0	219671.63	0	0	0	20085.25	2350.07	22435.32
"265"	9	53	114	6	18	1	8	196.9968254	244.07958716	19	101	1	450	50101	0	3	1	12	1	1	450	0	1318029.77	0	0	0	15999.5	1426.18	17425.68
"266"	9	53	114	6	4	1	8	196.9968254	244.07958716	19	101	1	700	50101	75	1	11	12	1	1.01	707	75.75	2070771.22	221868.34	0	0	28839.42	276.2	29115.62
"267"	9	53	114	6	7	1	8	196.9968254	244.07958716	19	101	1	480	50101	0	3	11	12	1	1.01	484.8	0	1419957.41	0	0	0	9086.67	238.8	9325.47
"268"	9	53	114	6	8	1	8	196.9968254	244.07958716	19	101	1	700	50101	999999.99	1	12	12	1	1.01	707	56.56	2070771.22	165661.7	0	1	8251.33	2.53	8253.86
"269"	9	53	115	4	10	1	9	46.6252588	57.76881884	19	301	1	30	50301	0	3	7	5	1	1.05	31.5	0	9098.59	0	0	0	18426.08	679.33	19105.41
"270"	9	53	115	4	12	1	9	46.6252588	57.76881884	19	101	1	415	50101	0	1	8	12	1	1.04	431.6	0	299196.27	0	0	0	1877.33	159.75	2037.08
"271"	9	53	115	4	12	1	9	46.6252588	57.76881884	19	1101	1	415	51101	0	1	8	12	1	1.04	431.6	0	299196.27	0	0	0	1877.33	159.75	2037.08
"272"	9	53	115	4	15	1	9	46.6252588	57.76881884	19	101	1	600	50101	62	1	8	10	1	1.04	624	64.48	360477.43	37249.33	0	0	24883.04	0	24883.04
"273"	9	53	115	4	15	1	9	46.6252588	57.76881884	19	1101	1	700	51101	73	1	8	12	1	1.04	728	75.92	504668.4	52629.7	0	0	24883.04	0	24883.04
"274"	9	53	115	4	8	1	9	46.6252588	57.76881884	19	301	1	60	50301	0	3	6	2	1	1.07	64.2	0	7417.52	0	0	0	1637.1	1353.85	2990.94
"275"	9	53	116	2	11	1	9	47.25517076	58.54928142	19	301	1	40	50301	0	3	12	2	1	1.01	40.4	0	4730.78	0	0	0	6736.6	400	7136.6
"276"	9	53	116	2	12	1	9	47.25517076	58.54928142	19	301	1	100	50301	999999.99	1	11	2	1	1.01	101	8.08	11826.95	946.16	0	1	315	147.7	462.7
"277"	9	53	116	2	4	1	9	47.25517076	58.54928142	19	301	1	250	50301	0	1	9	1	1	1.03	257.5	0	15076.44	0	0	0	7753.94	202	7955.94
"278"	9	53	116	2	4	1	9	47.25517076	58.54928142	19	301	1	150	50301	0	3	2	3	1	1.1	165	0	28981.89	0	0	0	7753.94	202	7955.94
"279"	9	53	117	0	1	1	9	39.3682963	48.77742313	19	1101	1	650	51101	999999.99	1	3	12	1	1.09	708.5	56.68	414705.65	33176.45	0	1	4000	1092.09	5092.09
"280"	9	53	117	0	15	1	9	39.3682963	48.77742313	19	301	1	40	50301	999999.99	3	3	12	1	0.99	39.6	3.17	23179.03	1855.49	0	1	749.79	176.97	926.77
"281"	9	53	117	0	16	1	9	39.3682963	48.77742313	19	401	1	150	50401	0	1	4	2	1	0.97	145.5	0	14194.23	0	0	0	707.97	214.87	922.83
